C:\ProgramData\Anaconda3\envs\pytorch\python.exe D:/RL/parallelRL/standard_MAB/discrete_a3c.py
evaluate reward 27.4
0 [0 4 2 5 1 9 7] [0.27399999999999997, 0.27399999999999997, 0.27399999999999997, 0, 0.27399999999999997, 0.27399999999999997, 0, 0.27399999999999997, 0, 0.27399999999999997]
evaluate reward 20.2
1 [0 8 3 6 1 5 9] [0.47325999999999996, 0.47325999999999996, 0.27399999999999997, 0.20199999999999999, 0.27399999999999997, 0.47325999999999996, 0.20199999999999999, 0.27399999999999997, 0.20199999999999999, 0.47325999999999996]
evaluate reward 21.2
2 [0 9 5 1 7 4 2] [0.6805273999999999, 0.6805273999999999, 0.48325999999999997, 0.20199999999999999, 0.48325999999999997, 0.6805273999999999, 0.20199999999999999, 0.48325999999999997, 0.20199999999999999, 0.6805273999999999]
evaluate reward 18.8
3 [0 9 5 1 7 4 2] [0.8617221259999999, 0.8617221259999999, 0.6664274, 0.20199999999999999, 0.6664274, 0.8617221259999999, 0.20199999999999999, 0.6664274, 0.20199999999999999, 0.8617221259999999]
evaluate reward 19.2
4 [0 3 8 1 5 2 9] [1.0451049047399998, 1.0451049047399998, 0.851763126, 0.39198, 0.6664274, 1.0451049047399998, 0.20199999999999999, 0.6664274, 0.39198, 1.0451049047399998]
evaluate reward 21.4
5 [0 7 6 8 2 5 9] [1.2486538556926, 1.0451049047399998, 1.05724549474, 0.39198, 0.6664274, 1.2486538556926, 0.41397999999999996, 0.8737631260000001, 0.6020601999999999, 1.2486538556926]
evaluate reward 13.0
6 [0 9 1 4 5 2 7] [1.3661673171356739, 1.1646538556925998, 1.1766730397926, 0.39198, 0.789763126, 1.3661673171356739, 0.41397999999999996, 0.99502549474, 0.6020601999999999, 1.3661673171356739]
evaluate reward 16.8
7 [0 3 2 5 9 6 4] [1.5205056439643172, 1.1646538556925998, 1.332906309394674, 0.5560602, 0.94986549474, 1.5205056439643172, 0.5778402, 0.99502549474, 0.6020601999999999, 1.5205056439643172]
evaluate reward 30.6
8 [0 9 5 2 1 7 4] [1.811300587524674, 1.4590073171356739, 1.6255772463007272, 0.5560602, 1.2463668397926, 1.811300587524674, 0.5778402, 1.2910752397926, 0.6020601999999999, 1.811300587524674]
evaluate reward 21.6
9 [0 6 5 3 9 8 1] [2.009187581649427, 1.6604172439643172, 1.6255772463007272, 0.766499598, 1.2463668397926, 2.009187581649427, 0.788061798, 1.2910752397926, 0.8120395979999999, 2.009187581649427]
evaluate reward 12.2
10 [0 8 6 9 2 7 1] [2.1110957058329327, 1.765813071524674, 1.7313214738377198, 0.766499598, 1.2463668397926, 2.009187581649427, 0.90218118002, 1.400164487394674, 0.9259192020199999, 2.1110957058329327]
evaluate reward 24.2
11 [0 4 1 2 7 3 9] [2.3319847487746035, 1.9901549408094272, 1.9560082590993426, 1.00083460202, 1.475903171394674, 2.009187581649427, 0.90218118002, 1.628162842520727, 0.9259192020199999, 2.3319847487746035]
evaluate reward 18.8
12 [0 6 4 5 8 2 7] [2.4966649012868576, 1.9901549408094272, 2.1244481765083494, 1.00083460202, 1.6491441396807272, 2.177095705832933, 1.0811593682198, 1.7998812140955198, 1.1046600099997999, 2.3319847487746035]
evaluate reward 15.2
13 [0 3 5 9 7 8 4] [2.623698252273989, 1.9901549408094272, 2.1244481765083494, 1.1428262559998001, 1.78465269828392, 2.3073247487746036, 1.0811593682198, 1.9338824019545646, 1.2456134098998017, 2.4606649012868576]
evaluate reward 24.0
14 [0 8 9 6 1 7 3] [2.837461269751249, 2.210253391401333, 2.1244481765083494, 1.3713979934398022, 1.78465269828392, 2.3073247487746036, 1.310347774537602, 2.154543577935019, 1.4731572758008038, 2.676058252273989]
evaluate reward 26.8
15 [0 5 8 3 4 1 2] [3.0770866570537367, 2.4561508574873194, 2.371203694743266, 1.625684013505404, 2.0348061713010805, 2.5522515012868574, 1.310347774537602, 2.154543577935019, 1.7264257030427959, 2.676058252273989]
evaluate reward 20.4
16 [0 4 8 6 5 2 3] [3.2503157904831994, 2.4561508574873194, 2.5514916577958333, 1.81342717337035, 2.2184581095880698, 2.7307289862739887, 1.501244296792226, 2.154543577935019, 1.9131614460123678, 2.676058252273989]
evaluate reward 17.4
17 [0 9 1 4 5 7 3] [3.3918126325783673, 2.605589348912446, 2.5514916577958333, 1.9692929016366465, 2.370273528492189, 2.8774216964112487, 1.501244296792226, 2.3069981421556687, 1.9131614460123678, 2.8232976697512493]
evaluate reward 23.2
18 [0 5 9 1 2 4 7] [3.5898945062525836, 2.8115334554233216, 2.757976741217875, 1.9692929016366465, 2.5785707932072675, 3.080647479447136, 1.501244296792226, 2.515928160734112, 1.9131614460123678, 3.027064693053737]
evaluate reward 22.0
19 [0 3 5 9 4 2 8] [3.7739955611900577, 2.8115334554233216, 2.950396973805696, 2.16959997262028, 2.7727850852751947, 3.269841004652665, 1.501244296792226, 2.515928160734112, 2.1140298315522443, 3.2167940461231996]
evaluate reward 18.2
20 [0 4 8 9 5 6 1] [3.918255605578157, 2.965418120869088, 2.950396973805696, 2.16959997262028, 2.927057234422443, 3.4191425946061385, 1.6682318538243037, 2.515928160734112, 2.274889533236722, 3.3666261056619677]
evaluate reward 27.2
21 [0 5 9 1 2 4 7] [4.151073049522376, 3.2077639396603974, 3.1928930040676393, 2.16959997262028, 3.1697866620782182, 3.656951168660077, 1.6682318538243037, 2.762768879126771, 2.274889533236722, 3.604959844605348]
evaluate reward 16.6
22 [0 2 3 1 4 7 8] [4.275562319027152, 3.3416863002637935, 3.326964074026963, 2.3139039728940776, 3.304088795457436, 3.656951168660077, 1.6682318538243037, 2.9011411903355033, 2.4181406379043544, 3.604959844605348]
evaluate reward 22.6
23 [0 3 6 9 8 4 1] [4.458806695836881, 3.5342694372611554, 3.326964074026963, 2.516764933165137, 3.4970479075028615, 3.656951168660077, 1.8775495352860607, 2.9011411903355033, 2.619959231525311, 3.7949102461592945]
evaluate reward 24.6
24 [0 6 7 2 3 4 9] [4.6602186288785115, 3.5342694372611554, 3.5396944332866935, 2.7375972838334857, 3.708077428427833, 3.656951168660077, 2.1047740399332002, 3.1181297784321482, 2.619959231525311, 4.002961143697702]
evaluate reward 17.4
25 [0 8 4 7 9 5 6] [4.7876164425897265, 3.5342694372611554, 3.5396944332866935, 2.7375972838334857, 3.8449966541435545, 3.794381656973476, 2.2577262995338683, 3.260948480647827, 2.767759639210058, 4.136931532260725]
evaluate reward 16.0
26 [0 6 5 1 2 9 3] [4.899740278163829, 3.6589267428885437, 3.6642974889538267, 2.870221310995151, 3.8449966541435545, 3.9164378404037414, 2.3951490365385295, 3.260948480647827, 2.767759639210058, 4.2555622169381175]
evaluate reward 31.4
27 [0 9 8 7 3 6 2] [5.164742875382191, 3.6589267428885437, 3.9416545140642882, 3.1555190978851995, 3.8449966541435545, 3.9164378404037414, 2.685197546173144, 3.5423389958413485, 3.0540820428179574, 4.527006594768737]
evaluate reward 28.8
28 [0 3 9 1 2 6 4] [5.40109544662837, 3.9103374754596585, 4.190237968923645, 3.4119639069063474, 4.094546687602119, 3.9164378404037414, 2.946345570711413, 3.5423389958413485, 3.0540820428179574, 4.769736528821049]
evaluate reward 17.6
29 [0 9 2 4 5 1 7] [5.523084492162086, 4.047234100705062, 4.324335589234408, 3.4119639069063474, 4.229601220726098, 4.053273461999704, 2.946345570711413, 3.682915605882935, 3.0540820428179574, 4.898039163532839]
evaluate reward 30.4
30 [0 2 8 3 7 9 4] [5.771853647240465, 4.047234100705062, 4.585092233342064, 3.681844267837284, 4.4913052085188365, 4.053273461999704, 2.946345570711413, 3.9500864498241057, 3.327541222389778, 5.15305877189751]
evaluate reward 29.2
31 [0 7 1 2 9 6 8] [6.00613511076806, 4.298761759698011, 4.831241311008644, 3.681844267837284, 4.4913052085188365, 4.053273461999704, 3.2088821150042985, 4.202585585325865, 3.58626581016588, 5.393528184178535]
evaluate reward 20.8
32 [0 5 3 7 2 9 1] [6.154073759660379, 4.463774142101031, 4.9909288978985575, 3.853025825158911, 4.4913052085188365, 4.220740727379707, 3.2088821150042985, 4.368559729472606, 3.58626581016588, 5.54759290233675]
evaluate reward 21.2
33 [0 6 9 1 8 3 2] [6.304533022063776, 4.631136400680021, 5.153019608919572, 4.026495566907322, 4.4913052085188365, 4.220740727379707, 3.3887932938542558, 4.368559729472606, 3.7624031520642216, 5.704116973313383]
evaluate reward 20.6
34 [0 6 4 3 2 5 1] [6.447487691843138, 4.790825036673221, 5.3074894128303765, 4.192230611238249, 4.652392156433648, 4.38453332010591, 3.5609053609157133, 4.368559729472606, 3.7624031520642216, 5.704116973313383]
evaluate reward 20.2
35 [0 9 8 4 6 3 7] [6.585012814924706, 4.790825036673221, 5.3074894128303765, 4.352308305125867, 4.807868234869312, 4.38453332010591, 3.727296307306556, 4.5268741321778805, 3.9267791205435794, 5.849075803580249]
evaluate reward 18.0
36 [0 6 9 4 3 7 8] [6.699162686775459, 4.790825036673221, 5.3074894128303765, 4.488785222074608, 4.939789552520619, 4.38453332010591, 3.8700233442334904, 4.661605390856102, 4.067511329338144, 5.970585045544446]
evaluate reward 15.6
37 [0 1 7 3 6 9 4] [6.788171059907705, 4.898916786306488, 5.3074894128303765, 4.599897369853862, 5.046391656995413, 4.38453332010591, 3.9873231107911553, 4.770989336947541, 4.067511329338144, 6.066879195089002]
evaluate reward 21.2
38 [0 4 6 3 7 9 8] [6.932289349308627, 4.898916786306488, 5.3074894128303765, 4.765898396155323, 5.2079277404254585, 4.38453332010591, 4.159449879683244, 4.935279443578065, 4.238836216044763, 6.218210403138112]
evaluate reward 21.2
39 [0 3 2 7 6 1 4] [7.074966455815541, 5.061927618443423, 5.466414518702073, 4.930239412193769, 5.367848463021204, 4.38453332010591, 4.3298553808864115, 5.097926649142285, 4.238836216044763, 6.218210403138112]
evaluate reward 12.2
40 [0 9 2 4 7 1 3] [7.126216791257385, 5.13330834225899, 5.533750373515052, 5.002937018071831, 5.436169978390992, 4.38453332010591, 4.3298553808864115, 5.168947382650862, 4.238836216044763, 6.278028299106731]
evaluate reward 14.8
41 [0 1 3 4 2 8 6] [7.202954623344811, 5.2299752588364, 5.626412869779902, 5.100907647891113, 5.5298082786070815, 4.38453332010591, 4.4345568270775475, 5.168947382650862, 4.344447853884315, 6.278028299106731]
evaluate reward 14.6
42 [0 2 3 8 6 1 9] [7.276925077111363, 5.323675506248036, 5.716148741082103, 5.195898571412202, 5.5298082786070815, 4.38453332010591, 4.536211258806772, 5.168947382650862, 4.447003375345472, 6.361248016115664]
evaluate reward 26.0
43 [0 5 2 6 4 7 1] [7.464155826340249, 5.530438751185556, 5.918987253671282, 5.195898571412202, 5.73451019582101, 4.600687986904851, 4.750849146218704, 5.377257908824354, 4.447003375345472, 6.361248016115664]
evaluate reward 18.2
44 [0 5 2 7 9 4 1] [7.571514268076847, 5.6571343636737, 6.041797381134569, 5.195898571412202, 5.8591650938628, 4.736681107035802, 4.750849146218704, 5.505485329736111, 4.447003375345472, 6.4796355359545075]
evaluate reward 31.4
45 [0 9 2 3 8 4 7] [7.809799125396078, 5.6571343636737, 6.295379407323224, 5.45793958569808, 6.114573442924172, 4.736681107035802, 4.750849146218704, 5.76443047643875, 4.716533341592017, 6.728839180594963]
evaluate reward 20.0
46 [0 1 8 3 5 9 7] [7.931701134142117, 5.800563020036964, 6.295379407323224, 5.603360189841099, 6.114573442924172, 4.889314295965445, 4.750849146218704, 5.906786171674362, 4.869368008176097, 6.861550788789013]
evaluate reward 24.2
47 [0 2 7 1 4 9 3] [8.094384122800696, 5.984557389836594, 6.474425613249991, 5.789326587942687, 6.29542770849493, 4.889314295965445, 4.750849146218704, 6.089718309957618, 4.869368008176097, 7.034935280901123]
evaluate reward 24.0
48 [0 9 2 4 7 1 3] [8.253440281572688, 6.164711815938228, 6.649681357117491, 5.971433322063261, 6.472473431409981, 4.889314295965445, 4.750849146218704, 6.268821126858042, 4.869368008176097, 7.204585928092111]
evaluate reward 34.8
49 [0 9 2 4 7 1 3] [8.51890587875696, 6.451064697778845, 6.931184543546316, 6.259718988842628, 6.755748697095882, 4.889314295965445, 4.750849146218704, 6.554132915589462, 4.869368008176097, 7.48054006881119]
evaluate reward 12.6
50 [0 9 2 4 7 1 3] [8.559716819969392, 6.512554050801056, 6.987872698110853, 6.323121798954201, 6.814191210124923, 4.889314295965445, 4.750849146218704, 6.614591586433567, 4.869368008176097, 7.531734668123078]
evaluate reward 28.4
51 [0 4 3 2 8 6 9] [8.758119651769698, 6.512554050801056, 7.2019939711297445, 6.543890580964659, 7.030049298023673, 4.889314295965445, 4.987340654756517, 6.614591586433567, 5.104674328094336, 7.740417321441847]
evaluate reward 23.6
52 [0 9 2 4 7 3 1] [8.906538455252, 6.683428510293046, 7.365974031418447, 6.714451675155012, 7.195748805043436, 4.889314295965445, 4.987340654756517, 6.784445670569232, 5.104674328094336, 7.899013148227429]
evaluate reward 17.4
53 [0 9 2 4 7 3 1] [8.991473070699481, 6.790594225190116, 7.466314291104262, 6.821307158403462, 7.297791316993002, 4.889314295965445, 4.987340654756517, 6.8906012138635395, 5.104674328094336, 7.994023016745154]
evaluate reward 23.4
54 [0 5 9 1 7 2 6] [9.135558339992485, 6.956688282938215, 7.62565114819322, 6.821307158403462, 7.297791316993002, 5.07442115300579, 5.171467248208952, 7.055695201724904, 5.104674328094336, 8.148082786577703]
evaluate reward 23.4
55 [0 9 2 4 7 1 3] [9.278202756592561, 7.121121400108833, 7.783394636711288, 6.987094086819427, 7.458813403823072, 5.07442115300579, 5.171467248208952, 7.2191382497076555, 5.104674328094336, 8.300601958711926]
evaluate reward 24.0
56 [0 6 9 2 1 5 8] [9.425420729026635, 7.289910186107744, 7.945560690344175, 6.987094086819427, 7.458813403823072, 5.263676941475732, 5.359752575726862, 7.2191382497076555, 5.293627584813392, 8.457595939124808]
evaluate reward 19.8
57 [0 3 4 8 7 9 2] [9.52916652173637, 7.289910186107744, 8.064105083440733, 7.115223145951233, 7.582225269784841, 5.263676941475732, 5.359752575726862, 7.344946867210579, 5.438691308965258, 8.57101997973356]
evaluate reward 19.2
58 [0 9 2 4 7 1 3] [9.625874856519006, 7.409011084246667, 8.175464032606326, 7.23607091449172, 7.698403017086992, 5.263676941475732, 5.359752575726862, 7.463497398538474, 5.438691308965258, 8.677309779936223]
evaluate reward 27.8
59 [0 1 2 3 8 6 4] [9.807616107953816, 7.612920973404201, 8.371709392280263, 7.441710205346803, 7.899418986916122, 5.263676941475732, 5.584155049969594, 7.463497398538474, 5.662304395875606, 8.677309779936223]
evaluate reward 20.2
60 [0 8 2 3 4 9 5] [9.911539946874278, 7.612920973404201, 8.48999229835746, 7.569293103293335, 8.02242479704696, 5.413040172060975, 5.584155049969594, 7.463497398538474, 5.80768135191685, 8.792536682136861]
evaluate reward 21.2
61 [0 9 2 4 1 3 7] [10.024424547405536, 7.748791763670159, 8.617092375373886, 7.705600172260401, 8.15420054907649, 5.413040172060975, 5.584155049969594, 7.600862424553089, 5.80768135191685, 8.916611315315492]
evaluate reward 28.6
62 [0 7 2 1 3 6 8] [10.21018030193148, 7.957303846033457, 8.816921451620148, 7.9145441705377975, 8.15420054907649, 5.413040172060975, 5.814313499469898, 7.810853800307558, 6.035604538397681, 8.916611315315492]
evaluate reward 15.0
63 [0 2 9 1 7 4 3] [10.258078498912166, 8.027730807573123, 8.878752237103948, 7.985398728832419, 8.222658543585725, 5.413040172060975, 5.814313499469898, 7.882745262304482, 6.035604538397681, 8.977445202162338]
evaluate reward 30.2
64 [0 3 2 1 5 9 6] [10.457497713923045, 8.249453499497392, 9.091964714732908, 8.207544741544096, 8.222658543585725, 5.660909770340365, 6.058170364475199, 7.882745262304482, 6.035604538397681, 9.189670750140715]
evaluate reward 22.4
65 [0 7 6 1 3 8 5] [10.576922736783814, 8.390958964502419, 9.091964714732908, 8.349469294128655, 8.222658543585725, 5.828300672636962, 6.221588660830447, 8.027917809681437, 6.199248493013704, 9.189670750140715]
evaluate reward 18.0
66 [0 7 3 6 1 8 4] [10.651153509415977, 8.487049374857394, 9.091964714732908, 8.445974601187368, 8.320431958149868, 5.828300672636962, 6.339372774222142, 8.127638631584622, 6.317256008083567, 9.189670750140715]
evaluate reward 23.4
67 [0 6 8 9 5 3 2] [10.778641974321816, 8.487049374857394, 9.23504506758558, 8.595514855175495, 8.320431958149868, 6.004017665910592, 6.509979046479921, 8.127638631584622, 6.488083448002731, 9.331774042639308]
evaluate reward 25.8
68 [0 9 2 3 1 4 7] [10.928855554578599, 8.66017888110882, 9.400694616909723, 8.76755970662374, 8.49522763856837, 6.004017665910592, 6.509979046479921, 8.304362245268775, 6.488083448002731, 9.496456302212914]
evaluate reward 30.4
69 [0 8 4 6 2 5 9] [11.123566999032812, 8.66017888110882, 9.610687670740626, 8.76755970662374, 8.714275362182686, 6.247977489251486, 6.748879256015122, 8.304362245268775, 6.727202613522704, 9.705491739190785]
evaluate reward 27.4
70 [0 9 2 3 4 1 7] [11.286331329042484, 8.847577092297731, 9.78858079403322, 8.953884109557501, 8.901132608560859, 6.247977489251486, 6.748879256015122, 8.495318622816088, 6.727202613522704, 9.882436821798878]
evaluate reward 19.2
71 [0 9 2 3 4 1 7] [11.36546801575206, 8.951101321374754, 9.882694986092886, 9.056345268461927, 9.00412128247525, 6.247977489251486, 6.748879256015122, 8.602365436587927, 6.727202613522704, 9.97561245358089]
evaluate reward 29.2
72 [0 1 6 8 9 4 5] [11.543813335594539, 9.153590308161005, 9.882694986092886, 9.056345268461927, 9.206080069650497, 6.477497714358972, 6.973390463454971, 8.602365436587927, 6.951930587387477, 10.167856329045081]
evaluate reward 30.8
73 [0 5 1 6 8 7 9] [11.736375202238593, 9.370054405079395, 9.882694986092886, 9.056345268461927, 9.206080069650497, 6.7207227372153815, 7.211656558820421, 8.824341782222048, 7.190411281513603, 10.37417776575463]
evaluate reward 30.6
74 [0 3 2 5 4 9 6] [11.925011450216207, 9.370054405079395, 10.089868036231957, 9.271781815777308, 9.420019268953991, 6.959515509843228, 7.445539993232217, 8.824341782222048, 7.190411281513603, 10.576435988097085]
evaluate reward 24.0
75 [0 9 1 8 4 6 2] [12.045761335714046, 9.516353861028602, 10.228969355869637, 9.271781815777308, 9.565819076264452, 6.959515509843228, 7.6110845932998945, 8.824341782222048, 7.358507168698467, 10.710671628216113]
evaluate reward 23.8
76 [0 4 2 8 9 1 6] [12.163303722356906, 9.659190322418317, 10.364679662310941, 9.271781815777308, 9.708160885501808, 6.959515509843228, 7.772973747366896, 8.824341782222048, 7.522922097011483, 10.841564911933952]
evaluate reward 28.6
77 [0 9 2 4 1 3 7] [12.327670685133336, 9.848598419194133, 10.547032865687832, 9.465063997619534, 9.89707927664679, 6.959515509843228, 7.772973747366896, 9.022098364399827, 7.522922097011483, 11.019149262814613]
evaluate reward 19.4
78 [0 9 2 4 8 6 7] [12.398393978282003, 9.848598419194133, 10.635562537030953, 9.465063997619534, 9.992108483880322, 6.959515509843228, 7.889244009893227, 9.12587738075583, 7.641692876041368, 11.102957770186467]
evaluate reward 26.8
79 [0 2 3 9 7 1 4] [12.542410038499183, 10.018112435002191, 10.797206911660643, 9.638413357643339, 10.160187399041519, 6.959515509843228, 7.889244009893227, 9.302618606948272, 7.641692876041368, 11.259928192484603]
evaluate reward 21.2
80 [0 1 7 6 4 3 9] [12.628985938114191, 10.12993131065217, 10.797206911660643, 9.754029224066905, 10.270585525051104, 6.959515509843228, 8.022351569794296, 9.42159242087879, 7.641692876041368, 11.359328910559757]
evaluate reward 23.6
81 [0 8 1 3 6 7 4] [12.73869607873305, 10.264631997545647, 10.797206911660643, 9.892488931826236, 10.403879669800592, 6.959515509843228, 8.178128054096353, 9.563376496670003, 7.8012759472809545, 11.359328910559757]
evaluate reward 32.0
82 [0 9 2 4 1 3 7] [12.93130911794572, 10.481985677570192, 11.009234842544037, 10.113564042507974, 10.619840873102586, 6.959515509843228, 8.178128054096353, 9.787742731703302, 7.8012759472809545, 11.56573562145416]
evaluate reward 37.0
83 [0 9 3 5 4 6 8] [13.171996026766262, 10.481985677570192, 11.009234842544037, 10.382428402082894, 10.88364246437156, 7.2599203547447955, 8.46634677355539, 9.787742731703302, 8.093263187808144, 11.820078265239617]
evaluate reward 31.6
84 [0 9 3 7 2 4 5] [13.3562760664986, 10.481985677570192, 11.215142494118597, 10.594604118062065, 11.090806039727845, 7.503321151197348, 8.46634677355539, 10.005865304386269, 8.093263187808144, 12.017877482587222]
evaluate reward 27.6
85 [0 5 8 6 9 1 3] [13.498713305833613, 10.65316582079449, 11.215142494118597, 10.764658076881444, 11.090806039727845, 7.704287939685374, 8.657683305819836, 10.005865304386269, 8.288330555930063, 12.17369870776135]
evaluate reward 26.8
86 [0 9 2 4 3 1 7] [13.631726172775277, 10.814634162586545, 11.37099106917741, 10.92501149611263, 11.247897979330567, 7.704287939685374, 8.657683305819836, 10.173806651342407, 8.288330555930063, 12.319961720683736]
evaluate reward 26.8
87 [0 6 7 9 8 3 2] [13.763408911047524, 10.814634162586545, 11.525281158485637, 11.083761381151504, 11.247897979330567, 7.704287939685374, 8.839106472761637, 10.340068584828982, 8.473447250370763, 12.464762103476899]
evaluate reward 23.4
88 [0 9 2 6 8 5 3] [13.859774821937048, 10.814634162586545, 11.64402834690078, 11.206923767339989, 11.247897979330567, 7.86124506028852, 8.98471540803402, 10.340068584828982, 8.622712777867054, 12.574114482442129]
evaluate reward 21.6
89 [0 9 2 4 3 1 7] [13.937177073717677, 10.92248782096068, 11.743588063431773, 11.310854529666589, 11.35141899953726, 7.86124506028852, 8.98471540803402, 10.452667898980692, 8.622712777867054, 12.664373337617707]
evaluate reward 29.0
90 [0 9 2 4 3 1 7] [14.0878053029805, 11.103262942751073, 11.916152182797456, 11.487745984369923, 11.527904809541889, 7.86124506028852, 8.98471540803402, 10.638141219990885, 8.622712777867054, 12.827729604241531]
evaluate reward 22.0
91 [0 9 2 4 3 1 7] [14.166927249950696, 11.212230313323563, 12.016990660969482, 11.592868524526224, 11.63262576144647, 7.86124506028852, 8.98471540803402, 10.751759807790977, 8.622712777867054, 12.919452308199116]
evaluate reward 23.2
92 [0 9 2 4 3 1 7] [14.25725797745119, 11.332108010190327, 12.128820754359786, 11.708939839280962, 11.748299503832005, 7.86124506028852, 8.98471540803402, 10.876242209713068, 8.622712777867054, 13.022257785117125]
evaluate reward 27.8
93 [0 9 2 4 3 1 7] [14.392685397676678, 11.496786930088424, 12.285532546816189, 11.869850440888152, 11.908816508793684, 7.86124506028852, 8.98471540803402, 11.045479787615937, 8.622712777867054, 13.170035207265954]
evaluate reward 21.4
94 [0 9 2 4 3 1 7] [14.46275854369991, 11.595819060787539, 12.376677221348027, 11.965151936479272, 12.003728343705747, 7.86124506028852, 8.98471540803402, 11.149024989739777, 8.622712777867054, 13.252334855193295]
evaluate reward 40.6
95 [0 9 2 4 3 1 7] [14.724130958262911, 11.885860870179664, 12.658910449134547, 12.251500417114478, 12.289691060268689, 7.86124506028852, 8.98471540803402, 11.443534739842379, 8.622712777867054, 13.525811506641363]
evaluate reward 33.6
96 [0 9 2 4 3 1 7] [14.912889648680283, 12.103002261477867, 12.868321344643201, 12.464985412943333, 12.502794149666002, 7.86124506028852, 8.98471540803402, 11.665099392443956, 8.622712777867054, 13.72655339157495]
evaluate reward 37.2
97 [0 9 2 4 3 1 7] [15.13576075219348, 12.353972238863088, 13.111638131196768, 12.7123355588139, 12.749766208169342, 7.86124506028852, 8.98471540803402, 11.920448398519516, 8.622712777867054, 13.9612878576592]
evaluate reward 31.4
98 [0 9 2 4 3 1 7] [15.298403144671546, 12.544432516474457, 13.294521749884801, 12.89921220322576, 12.936268546087648, 7.86124506028852, 8.98471540803402, 12.115243914534322, 8.622712777867054, 14.135674979082607]
evaluate reward 46.0
99 [0 9 2 4 3 1 7] [15.605419113224832, 12.878988191309713, 13.621576532385953, 13.230220081193503, 13.266905860626771, 7.86124506028852, 8.98471540803402, 12.454091475388978, 8.622712777867054, 14.454318229291781]
evaluate reward 30.2
100 [0 3 7 9 2 5 8] [15.751364922092584, 12.878988191309713, 13.787360767062093, 13.399917880381567, 13.266905860626771, 8.084632609685634, 8.98471540803402, 12.631550560635088, 8.838485650088383, 14.611775046998863]
evaluate reward 27.0
101 [0 4 5 1 6 2 7] [15.863851272871658, 13.020198309396616, 13.919487159391473, 13.399917880381567, 13.404236802020504, 8.273786283588779, 9.16486825395368, 12.775235055028737, 8.838485650088383, 14.611775046998863]
evaluate reward 22.6
102 [0 9 2 4 3 1 7] [15.931212760142941, 13.11599632630265, 14.006292287797558, 13.49191870157775, 13.4961944340003, 8.273786283588779, 9.16486825395368, 12.87348270447845, 8.838485650088383, 14.691657296528875]
evaluate reward 28.2
103 [0 8 5 9 3 4 1] [16.053900632541513, 13.266836363039623, 14.006292287797558, 13.638999514561974, 13.643232489660297, 8.47304842075289, 9.16486825395368, 12.87348270447845, 9.0321007935875, 14.826740723563587]
evaluate reward 24.0
104 [0 9 2 4 3 1 7] [16.133361626216097, 13.374167999409227, 14.106229364919583, 13.742609519416353, 13.746800164763695, 8.47304842075289, 9.16486825395368, 12.984747877433666, 9.0321007935875, 14.918473316327951]
evaluate reward 19.6
105 [0 9 2 4 3 1 7] [16.168028009953936, 13.436426319415135, 14.161167071270388, 13.80118342422219, 13.805332163116057, 8.47304842075289, 9.16486825395368, 13.05090039865933, 9.0321007935875, 14.965288583164671]
evaluate reward 45.6
106 [0 9 2 4 3 1 7] [16.462347729854397, 13.758062056220984, 14.475555400557683, 14.119171589979969, 14.123278841484897, 8.47304842075289, 9.16486825395368, 13.376391394672737, 9.0321007935875, 15.271635697333025]
evaluate reward 21.4
107 [0 9 2 4 3 1 7] [16.511724252555855, 13.834481435658775, 14.544799846552106, 14.191979874080168, 14.196046053070049, 8.47304842075289, 9.16486825395368, 13.45662748072601, 9.0321007935875, 15.332919340359695]
evaluate reward 39.8
108 [0 9 2 4 3 1 7] [16.744607010030297, 14.094136621302187, 14.797351848086585, 14.448060075339367, 14.452085592539348, 8.47304842075289, 9.16486825395368, 13.72006120591875, 9.0321007935875, 15.577590146956098]
evaluate reward 32.2
109 [0 6 5 9 7 3 1] [16.899160939929995, 14.275195255089166, 14.797351848086585, 14.625579474585972, 14.452085592539348, 8.710317936545362, 9.395219571414144, 13.904860593859562, 9.0321007935875, 15.743814245486536]
evaluate reward 24.6
110 [0 8 9 6 5 7 1] [16.976169330530695, 14.378443302538274, 14.797351848086585, 14.625579474585972, 14.452085592539348, 8.869214757179908, 9.547267375700002, 14.011811987920966, 9.187779785651625, 15.83237610303167]
evaluate reward 37.6
111 [0 9 3 5 8 2 6] [17.18240763722539, 14.378443302538274, 15.025378329605719, 14.855323679840113, 14.452085592539348, 9.156522609608109, 9.827794701943002, 14.011811987920966, 9.471901987795109, 16.050052342001354]
evaluate reward 33.2
112 [0 4 7 1 3 2 9] [17.342583560853136, 14.566658869512892, 15.207124546309661, 15.038770443041713, 14.639564736613954, 9.156522609608109, 9.827794701943002, 14.203693868041757, 9.471901987795109, 16.22155181858134]
evaluate reward 39.2
113 [0 9 2 3 4 1 7] [17.561157725244605, 14.812992280817763, 15.447053300846564, 15.280382738611296, 14.885169089247814, 9.156522609608109, 9.827794701943002, 14.45365692936134, 9.471901987795109, 16.451336300395525]
evaluate reward 46.2
114 [0 8 7 9 6 4 5] [17.84754614799216, 14.812992280817763, 15.447053300846564, 15.280382738611296, 15.198317398355336, 9.526957383512027, 10.191516754923573, 14.771120360067727, 9.839182967917157, 16.74882293739157]
evaluate reward 37.0
115 [0 5 9 2 7 4 3] [18.039070686512236, 14.812992280817763, 15.662582767838098, 15.497578911225183, 15.416334224371782, 9.801687809676906, 10.191516754923573, 14.993409156467049, 9.839182967917157, 16.951334708017654]
evaluate reward 25.4
116 [0 9 2 3 4 7 1] [18.112679979647115, 14.918862358009585, 15.759956940159716, 15.596603122112931, 15.516170882128066, 9.801687809676906, 10.191516754923573, 15.097475064902378, 9.839182967917157, 17.03582136093748]
evaluate reward 29.0
117 [0 9 2 3 4 7 1] [18.221553179850645, 15.05967373442949, 15.89235737075812, 15.730637090891802, 15.651009173306784, 9.801687809676906, 10.191516754923573, 15.236500314253353, 9.839182967917157, 17.155463147328106]
evaluate reward 40.4
118 [0 2 8 5 1 9 4] [18.44333764805214, 15.313076997085195, 16.137433797050537, 15.730637090891802, 15.898499081573716, 10.107670931580136, 10.191516754923573, 15.236500314253353, 10.144791138237986, 17.387908515854825]
evaluate reward 31.8
119 [0 9 2 4 3 1 7] [18.576904271571617, 15.477946227114343, 16.29405945908003, 15.891330719982884, 16.05751409075798, 10.107670931580136, 10.191516754923573, 15.40213531111082, 10.144791138237986, 17.532029430696277]
evaluate reward 35.6
120 [0 8 9 6 4 5 2] [18.7471352288559, 15.477946227114343, 16.487118864489233, 15.891330719982884, 16.2529389498504, 10.362594222264335, 10.445601587374338, 15.40213531111082, 10.399343226855606, 17.712709136389314]
evaluate reward 21.4
121 [0 9 2 4 3 1 7] [18.77366387656734, 15.5371667648432, 16.53624767584434, 15.946417412783054, 16.304409560351896, 10.362594222264335, 10.445601587374338, 15.462113957999712, 10.399343226855606, 17.74958204502542]
evaluate reward 30.8
122 [0 9 1 5 6 7 3] [18.893927237801666, 15.689795097194768, 16.53624767584434, 16.094953238655222, 16.304409560351896, 10.56696828004169, 10.649145571500593, 15.615492818419716, 10.399343226855606, 17.880086224575166]
evaluate reward 33.2
123 [0 9 2 4 3 1 7] [19.03698796542365, 15.86489714622282, 16.702885199085898, 16.26600370626867, 16.473365464748376, 10.56696828004169, 10.649145571500593, 15.791337890235518, 10.399343226855606, 18.033285362329416]
evaluate reward 47.2
124 [0 9 2 4 3 1 7] [19.318618085769412, 16.17824817476059, 17.00785634709504, 16.57534366920598, 16.780631810100893, 10.56696828004169, 10.649145571500593, 16.10542451133316, 10.399343226855606, 18.324952508706122]
evaluate reward 56.8
125 [0 9 2 4 3 1 7] [19.69343190491172, 16.584465693012984, 17.40577778362409, 16.977590232513922, 17.180825491999883, 10.56696828004169, 10.649145571500593, 16.51237026621983, 10.399343226855606, 18.70970298361906]
evaluate reward 52.4
126 [0 9 2 4 3 1 7] [20.020497585862604, 16.942621036082855, 17.755720005787847, 17.331814330188784, 17.533017237079886, 10.56696828004169, 10.649145571500593, 16.87124656355763, 10.399343226855606, 19.04660595378287]
evaluate reward 42.0
127 [0 9 2 4 3 1 7] [20.240292610003976, 17.193194825722028, 17.99816280572997, 17.578496186886895, 17.777687064709088, 10.56696828004169, 10.649145571500593, 17.122534097922053, 10.399343226855606, 19.27613989424504]
evaluate reward 27.4
128 [0 9 2 4 3 1 7] [20.311889683903935, 17.295262877464808, 18.092181177672668, 17.676711225018025, 17.873910194062, 10.56696828004169, 10.649145571500593, 17.225308756942834, 10.399343226855606, 19.35737849530259]
evaluate reward 39.0
129 [0 9 2 4 3 1 7] [20.498770787064895, 17.51231024869016, 18.30125936589594, 17.889944112767843, 18.085171092121378, 10.56696828004169, 10.649145571500593, 17.443055669373404, 10.399343226855606, 19.553804710349564]
evaluate reward 44.0
130 [0 9 2 4 3 1 7] [20.733783079194247, 17.777187146203257, 18.55824677223698, 18.151044671640165, 18.344319381200165, 10.56696828004169, 10.649145571500593, 17.70862511267967, 10.399343226855606, 19.798266663246068]
evaluate reward 34.4
131 [0 4 9 6 3 1 8] [20.870445248402305, 17.943415274741223, 18.55824677223698, 18.313534224923764, 18.504876187388163, 10.56696828004169, 10.886654115785587, 17.70862511267967, 10.63934979458705, 19.944283996613606]
evaluate reward 31.2
132 [0 5 3 7 4 1 9] [20.97374079591828, 18.075981121993813, 18.55824677223698, 18.442398882674524, 18.63182742551428, 10.773298597241274, 10.886654115785587, 17.843538861552872, 10.63934979458705, 20.05684115664747]
evaluate reward 29.4
133 [0 2 7 4 6 3 5] [21.0580033879591, 18.075981121993813, 18.66666430451461, 18.551974893847778, 18.73950915125914, 10.95956561126886, 11.07178757462773, 17.959103472937343, 10.63934979458705, 20.05684115664747]
evaluate reward 29.0
134 [0 9 4 2 3 1 7] [21.13742335407951, 18.185221310773876, 18.769997661469464, 18.656455144909298, 18.842114059746546, 10.95956561126886, 11.07178757462773, 18.06951243820797, 10.63934979458705, 20.146272745080996]
evaluate reward 40.4
135 [0 9 4 2 3 1 7] [21.330049120538714, 18.407369097666137, 18.98629768485477, 18.873890593460207, 19.05769291914908, 10.95956561126886, 11.07178757462773, 18.29281731382589, 10.63934979458705, 20.348810017630186]
evaluate reward 30.4
136 [0 9 4 2 3 1 7] [21.42074862933333, 18.527295406689475, 19.100434708006222, 18.989151687525606, 19.17111598995759, 10.95956561126886, 11.07178757462773, 18.41388914068763, 10.63934979458705, 20.449321917453883]
evaluate reward 46.2
137 [0 9 4 2 3 1 7] [21.668541143039995, 18.80402245262258, 19.371430360926162, 19.26126017065035, 19.441404830058012, 10.95956561126886, 11.07178757462773, 18.691750249280755, 10.63934979458705, 20.706828698279345]
evaluate reward 29.0
138 [0 9 4 2 3 1 7] [21.741855731609597, 18.905982228096352, 19.4677160573169, 19.358647568943844, 19.53699078175743, 10.95956561126886, 11.07178757462773, 18.794832746787947, 10.63934979458705, 20.78976041129655]
evaluate reward 31.4
139 [0 9 4 2 3 1 7] [21.8384371742935, 19.03092240581539, 19.58703889674373, 19.479061093254405, 19.655620873939856, 10.95956561126886, 11.07178757462773, 18.920884419320068, 10.63934979458705, 20.895862807183587]
evaluate reward 33.8
140 [0 9 4 2 3 1 7] [21.958052802550565, 19.178613181757235, 19.729168507776293, 19.62227048232186, 19.79706466520046, 10.95956561126886, 11.07178757462773, 19.069675575126865, 10.63934979458705, 21.02490417911175]
evaluate reward 30.8
141 [0 5 1 9 4 6 2] [22.04647227452506, 19.294827049939663, 19.839876822698532, 19.62227048232186, 19.907094018548456, 11.157969955156172, 11.269069698881454, 19.069675575126865, 10.63934979458705, 21.122655137320635]
evaluate reward 35.0
142 [0 6 7 5 2 8 4] [22.176007551779808, 19.294827049939663, 19.991478054471546, 19.62227048232186, 20.05802307836297, 11.396390255604611, 11.50637900189264, 19.228978819375598, 10.88295629664118, 21.122655137320635]
evaluate reward 36.0
143 [0 9 4 2 3 1 7] [22.31424747626201, 19.461878779440266, 20.15156327392683, 19.78604777749864, 20.217442847579342, 11.396390255604611, 11.50637900189264, 19.396689031181843, 10.88295629664118, 21.27142858594743]
evaluate reward 40.8
144 [0 9 4 2 3 1 7] [22.49910500149939, 19.675259991645863, 20.35804764118756, 19.996187299723655, 20.42326841910355, 11.396390255604611, 11.50637900189264, 19.610722140870024, 10.88295629664118, 21.466714300087954]
evaluate reward 45.4
145 [0 9 4 2 3 1 7] [22.728113951484396, 19.932507391729406, 20.608467164775686, 20.25022542672642, 20.673035734912514, 11.396390255604611, 11.50637900189264, 19.868614919461322, 10.88295629664118, 21.706047157087074]
evaluate reward 23.6
146 [0 9 4 2 3 1 7] [22.736832811969553, 19.969182317812113, 20.638382493127928, 20.283723172459155, 20.702305377563388, 11.396390255604611, 11.50637900189264, 19.90592877026671, 10.88295629664118, 21.724986685516203]
evaluate reward 45.2
147 [0 9 4 2 3 1 7] [22.961464483849856, 20.22149049463399, 20.88399866819665, 20.532885940734563, 20.947282323787753, 11.396390255604611, 11.50637900189264, 20.158869482564043, 10.88295629664118, 21.959736818661042]
evaluate reward 69.2
148 [0 8 3 1 4 9 6] [23.423849839011357, 20.71127558968765, 20.88399866819665, 21.019557081327218, 21.429809500549876, 11.396390255604611, 12.083315211873714, 20.158869482564043, 11.466126733674768, 22.43213945047443]
evaluate reward 27.4
149 [0 1 7 6 2 4 3] [23.46361134062124, 20.778162833790773, 20.949158681514685, 21.083361510513946, 21.489511405544377, 11.396390255604611, 12.236482059754977, 20.231280787738402, 11.466126733674768, 22.43213945047443]
evaluate reward 27.2
150 [0 5 4 8 3 1 2] [23.50097522721503, 20.842381205452867, 21.01166709469954, 21.144527895408807, 21.546616291488935, 11.554426353048566, 12.236482059754977, 20.231280787738402, 11.62346546633802, 22.43213945047443]
evaluate reward 31.0
151 [0 2 1 5 9 3 7] [23.57596547494288, 20.94395739339834, 21.111550423752544, 21.243082616454718, 21.546616291488935, 11.74888208951808, 12.236482059754977, 20.338967979861017, 11.62346546633802, 22.517818055969688]
evaluate reward 36.8
152 [0 9 4 3 2 1 7] [23.708205820193452, 21.102517819464357, 21.26843491951502, 21.39865179029017, 21.699150128574047, 11.74888208951808, 12.236482059754977, 20.503578300062408, 11.62346546633802, 22.66063987540999]
evaluate reward 38.4
153 [0 9 4 3 2 1 7] [23.855123761991518, 21.275492641269715, 21.43975057031987, 21.568665272387268, 21.866158627288307, 11.74888208951808, 12.236482059754977, 20.682542517061783, 11.62346546633802, 22.81803347665589]
evaluate reward 32.6
154 [0 9 4 3 2 1 7] [23.942572524371602, 21.38873771485702, 21.55135306461667, 21.678978619663393, 21.973497041015424, 11.74888208951808, 12.236482059754977, 20.801717091891167, 11.62346546633802, 22.915853141889333]
evaluate reward 38.0
155 [0 7 5 9 4 6 3] [24.083146799127885, 21.38873771485702, 21.55135306461667, 21.84218883346676, 22.13376207060527, 12.0113932686229, 12.494117239157427, 20.973699920972255, 11.62346546633802, 23.06669461047044]
evaluate reward 36.4
156 [0 9 4 3 2 1 7] [24.206315331136604, 21.53885033770845, 21.699839533970504, 21.987766945132094, 22.276424449899217, 12.0113932686229, 12.494117239157427, 21.12796292176253, 11.62346546633802, 23.200027664365734]
evaluate reward 40.2
157 [0 9 4 3 2 1 7] [24.36625217782524, 21.725461834331366, 21.8848411386308, 22.169889275680774, 22.455660205400225, 12.0113932686229, 12.494117239157427, 21.318683292544907, 11.62346546633802, 23.37002738772208]
evaluate reward 35.6
158 [0 9 4 3 2 1 7] [24.478589656046985, 21.864207215988053, 22.02199272724449, 22.304190382923966, 22.587103603346222, 12.0113932686229, 12.494117239157427, 21.461496459619458, 11.62346546633802, 23.49232711384486]
evaluate reward 30.2
159 [0 9 4 3 2 1 7] [24.535803759486516, 21.94756514382817, 22.103772799972045, 22.38314847909473, 22.66323256731276, 12.0113932686229, 12.494117239157427, 21.548881495023263, 11.62346546633802, 23.55940384270641]
evaluate reward 46.8
160 [0 2 9 7 1 3 4] [24.75844572189165, 22.19608949238989, 22.350735071972323, 22.627316994303783, 22.904600241639635, 12.0113932686229, 12.494117239157427, 21.80139268007303, 11.62346546633802, 23.791809804279346]
evaluate reward 37.4
161 [0 9 4 3 2 1 7] [24.884861264672733, 22.348128597465994, 22.5012277212526, 22.775043824360743, 23.049554239223237, 12.0113932686229, 12.494117239157427, 21.957378753272298, 11.62346546633802, 23.92789170623655]
evaluate reward 42.2
162 [0 9 4 3 2 1 7] [25.058012652026004, 22.546647311491334, 22.698215444040073, 22.969293386117137, 23.241058696831004, 12.0113932686229, 12.494117239157427, 22.159804965739575, 11.62346546633802, 24.110612789174187]
evaluate reward 40.6
163 [0 9 4 3 2 1 7] [25.213432525505745, 22.72718083837642, 22.877233289599673, 23.145600452255966, 23.414648109862693, 12.0113932686229, 12.494117239157427, 22.34420691608218, 11.62346546633802, 24.275506661282446]
evaluate reward 40.0
164 [0 9 4 3 2 1 7] [25.361298200250687, 22.899909029992656, 23.048460956703675, 23.314144447733405, 23.580501628764065, 12.0113932686229, 12.494117239157427, 22.520764846921356, 11.62346546633802, 24.43275159466962]
evaluate reward 29.6
165 [0 9 4 3 2 1 7] [25.40368521824818, 22.96690993969273, 23.11397634713664, 23.37700300325607, 23.640696612476425, 12.0113932686229, 12.494117239157427, 22.591557198452143, 11.62346546633802, 24.484424078722924]
evaluate reward 57.6
166 [0 1 2 3 7 4 5] [25.7256483660657, 23.3132408402958, 23.45883658366527, 23.71923297322351, 23.98028964635166, 12.46727933593667, 12.494117239157427, 22.94164162646762, 11.62346546633802, 24.484424078722924]
evaluate reward 31.6
167 [0 9 4 3 2 1 7] [25.784391882405043, 23.396108431892845, 23.54024821782862, 23.798040643491273, 24.056486749888144, 12.46727933593667, 12.494117239157427, 23.028225210202944, 11.62346546633802, 24.555579837935696]
evaluate reward 43.6
168 [0 9 4 3 2 1 7] [25.96254796358099, 23.598147347573917, 23.740845735650332, 23.996060237056362, 24.25192188238926, 12.46727933593667, 12.494117239157427, 23.233942958100915, 11.62346546633802, 24.74602403955634]
evaluate reward 30.2
169 [0 9 4 3 2 1 7] [26.004922483945183, 23.664165874098178, 23.80543727829383, 24.0580996346858, 24.311402663565367, 12.46727933593667, 12.494117239157427, 23.303603528519904, 11.62346546633802, 24.800563799160777]
evaluate reward 32.8
170 [0 9 4 3 2 1 7] [26.07287325910573, 23.755524215357195, 23.895382905510893, 24.14551863833894, 24.396288636929714, 12.46727933593667, 12.494117239157427, 23.398567493234705, 11.62346546633802, 24.88055816116917]
evaluate reward 51.6
171 [0 5 7 6 2 9 1] [26.328144526514674, 24.033968973203624, 24.172429076455785, 24.14551863833894, 24.396288636929714, 12.858606542577304, 12.885176066765853, 23.680581818302358, 11.62346546633802, 25.147752579557476]
evaluate reward 28.2
172 [0 9 4 2 3 1 7] [26.346863081249527, 24.07562928347159, 24.212704785691226, 24.18606345195555, 24.43432575056042, 12.858606542577304, 12.885176066765853, 23.725776000119335, 11.62346546633802, 25.1782750537619]
evaluate reward 54.2
173 [0 6 5 3 4 2 1] [26.62539445043703, 24.376872990636873, 24.512577737834313, 24.486202817435995, 24.731982493054815, 13.27202047715153, 13.298324306098195, 23.725776000119335, 11.62346546633802, 25.1782750537619]
evaluate reward 33.2
174 [0 9 4 2 3 1 7] [26.691140505932662, 24.465104260730502, 24.59945196045597, 24.573340789261636, 24.816662668124266, 13.27202047715153, 13.298324306098195, 23.82051824011814, 11.62346546633802, 25.258492303224283]
evaluate reward 39.8
175 [0 9 4 2 3 1 7] [26.822229100873336, 24.618453218123197, 24.75145744085141, 24.72560738136902, 24.966496041443023, 13.27202047715153, 13.298324306098195, 23.98031305771696, 11.62346546633802, 25.40390738019204]
evaluate reward 44.8
176 [0 3 1 4 8 5 7] [27.002006809864604, 24.820268685941965, 24.75145744085141, 24.92635130755533, 25.16483108102859, 13.587300272380014, 13.298324306098195, 24.18850992713979, 11.95523081167464, 25.40390738019204]
evaluate reward 50.6
177 [0 7 4 8 6 3 5] [27.23798674176596, 24.820268685941965, 24.75145744085141, 25.183087794479775, 25.419182770218306, 13.957427269656215, 13.671341063037213, 24.45262482786839, 12.341678503557894, 25.40390738019204]
evaluate reward 56.4
178 [0 4 9 3 1 2 7] [27.5296068743483, 25.136065999082547, 25.0679428664429, 25.495256916534977, 25.728990942516123, 13.957427269656215, 13.671341063037213, 24.772098579589706, 12.341678503557894, 25.713868306390122]
evaluate reward 67.0
179 [0 4 9 3 1 2 7] [27.924310805604815, 25.554705339091722, 25.48726343777847, 25.910304347369628, 26.14170103309096, 13.957427269656215, 13.671341063037213, 25.19437759379381, 12.341678503557894, 26.12672962332622]
evaluate reward 32.6
180 [0 4 9 3 1 2 7] [27.97106769754877, 25.625158285700806, 25.558390803400684, 25.97720130389593, 26.20628402276005, 13.957427269656215, 13.671341063037213, 25.268433817855872, 12.341678503557894, 26.191462327092957]
evaluate reward 33.4
181 [0 4 9 3 1 2 7] [28.02535702057328, 25.702906702843798, 25.63680689536668, 26.051429290856973, 26.27822118253245, 13.957427269656215, 13.671341063037213, 25.349749479677314, 12.341678503557894, 26.263547703822027]
evaluate reward 41.8
182 [0 4 9 3 1 2 7] [28.163103450367547, 25.86387763581536, 25.798438826413012, 26.208914997948405, 26.433438970707126, 13.957427269656215, 13.671341063037213, 25.51425198488054, 12.341678503557894, 26.418912226783807]
evaluate reward 52.6
183 [0 4 9 3 1 2 7] [28.40747241586387, 26.131238859457206, 26.06645443814888, 26.47282584796892, 26.695104581000056, 13.957427269656215, 13.671341063037213, 25.785109465031734, 12.341678503557894, 26.68072310451597]
evaluate reward 39.4
184 [0 1 3 7 8 4 5] [28.517397691705234, 26.263926470862632, 26.06645443814888, 26.60209758948923, 26.822153535190054, 14.211852996959653, 13.671341063037213, 25.921258370381416, 12.612261718522316, 26.68072310451597]
evaluate reward 27.6
185 [0 4 9 3 1 2 7] [28.508223714788183, 26.277287206154007, 26.081789893767393, 26.612076613594336, 26.829931999838152, 14.211852996959653, 13.671341063037213, 25.938045786677602, 12.612261718522316, 26.68991587347081]
evaluate reward 34.4
186 [0 4 9 3 1 2 7] [28.567141477640302, 26.358514334092465, 26.16497199482972, 26.689955847458393, 26.90563267983977, 14.211852996959653, 13.671341063037213, 26.022665328810827, 12.612261718522316, 26.7670167147361]
evaluate reward 49.8
187 [0 4 9 3 1 2 7] [28.779470062863897, 26.59292919075154, 26.401322274881423, 26.92105628898381, 27.13457635304137, 14.211852996959653, 13.671341063037213, 26.260438675522717, 12.612261718522316, 26.99734654758874]
evaluate reward 67.0
188 [0 4 9 3 1 2 7] [29.161675362235258, 26.996999898844024, 26.80730905213261, 27.321845726093972, 27.533230589510957, 14.211852996959653, 13.671341063037213, 26.66783428876749, 12.612261718522316, 27.397373082112853]
evaluate reward 50.4
189 [0 4 9 3 1 2 7] [29.374058608612906, 27.231029899855585, 27.043235961611284, 27.55262726883303, 27.761898283615846, 14.211852996959653, 13.671341063037213, 26.905155945879816, 12.612261718522316, 27.627399351291725]
evaluate reward 61.0
190 [0 4 9 3 1 2 7] [29.690318022526778, 27.56871960085703, 27.38280360199517, 27.887100996144703, 28.094279300779686, 14.211852996959653, 13.671341063037213, 27.246104386421017, 12.612261718522316, 27.96112535777881]
evaluate reward 62.2
191 [0 4 9 3 1 2 7] [30.01541484230151, 27.91503240484846, 27.730975565975218, 28.230229986183257, 28.43533650777189, 14.211852996959653, 13.671341063037213, 27.595643342556805, 12.612261718522316, 28.30351410420102]
evaluate reward 36.8
192 [0 6 5 2 1 4 8] [30.083260693878493, 28.003882080799976, 27.821665810315466, 28.230229986183257, 28.51898314269417, 14.437734466990056, 13.90262765240684, 27.595643342556805, 12.854139101337092, 28.30351410420102]
evaluate reward 30.0
193 [0 2 3 6 7 5 4] [30.082428086939707, 28.003882080799976, 27.84344915221231, 28.247927686321425, 28.533793311267228, 14.593357122320155, 14.063601375882772, 27.619686909131236, 12.854139101337092, 28.30351410420102]
evaluate reward 66.0
194 [0 4 9 3 1 2 7] [30.44160380607031, 28.383843259991977, 28.22501466069019, 28.625448409458212, 28.908455378154557, 14.593357122320155, 14.063601375882772, 28.003490040039924, 12.854139101337092, 28.68047896315901]
evaluate reward 79.8
195 [0 4 9 3 1 2 7] [30.93518776800961, 28.898004827392057, 28.74076451408329, 29.13719392536363, 29.417370824373013, 14.593357122320155, 14.063601375882772, 28.521455139639524, 12.854139101337092, 29.19167417352742]
evaluate reward 45.0
196 [0 4 9 3 1 2 7] [31.07583589032951, 29.059024779118136, 28.903356868942456, 29.295821986109992, 29.573197116129283, 14.593357122320155, 14.063601375882772, 28.68624058824313, 12.854139101337092, 29.349757431792145]
evaluate reward 41.2
197 [0 4 9 3 1 2 7] [31.177077531426217, 29.180434531326956, 29.026323300253033, 29.414863766248892, 29.68946514496799, 14.593357122320155, 14.063601375882772, 28.8113781823607, 12.854139101337092, 29.468259857474223]
evaluate reward 60.2
198 [0 4 9 3 1 2 7] [31.467306756111956, 29.490630186013686, 29.338060067250503, 29.722715128586405, 29.99457049351831, 14.593357122320155, 14.063601375882772, 29.12526440053709, 12.854139101337092, 29.77557725889948]
evaluate reward 56.8
199 [0 4 1 2 8 9 7] [31.720633688550837, 29.76372388415355, 29.612679466577998, 29.722715128586405, 30.26262478858313, 14.593357122320155, 14.063601375882772, 29.40201175653172, 13.29359771032372, 30.045821486310487]
worker_credit [31.720633688550837, 29.76372388415355, 29.612679466577998, 29.722715128586405, 30.26262478858313, 14.593357122320155, 14.063601375882772, 29.40201175653172, 13.29359771032372, 30.045821486310487]
sort credit num [0 4 9 1 3 2 7 5 6 8]
