C:\ProgramData\Anaconda3\envs\pytorch\python.exe D:/RL/parallelRL/standard_MAB/discrete_a3c.py
evaluate reward 26.6
0 [0 2 3 4 5 6 7] [2.66, 0, 2.66, 2.66, 2.66, 2.66, 2.66, 2.66, 0, 0]
evaluate reward 22.8
1 [0 4 3 2 5 6 7] [4.674, 0, 4.674, 4.674, 4.674, 4.674, 4.674, 4.674, 0, 0]
evaluate reward 20.2
2 [0 6 5 3 4 8 9] [6.2266, 0, 4.674, 6.2266, 6.2266, 6.2266, 6.2266, 4.674, 2.02, 2.02]
evaluate reward 20.4
3 [0 3 1 5 6 4 9] [7.643940000000001, 2.04, 4.674, 7.643940000000001, 7.643940000000001, 7.643940000000001, 7.643940000000001, 4.674, 2.02, 3.858]
evaluate reward 22.0
4 [0 3 6 7 1 4 9] [9.079546, 4.0360000000000005, 4.674, 9.079546, 9.079546, 7.643940000000001, 9.079546, 6.406600000000001, 2.02, 5.6722]
evaluate reward 26.4
5 [0 1 3 2 8 9 5] [10.811591400000001, 6.2724, 6.8466000000000005, 10.811591400000001, 9.079546, 9.519546, 9.079546, 6.406600000000001, 4.458, 7.74498]
evaluate reward 21.8
6 [0 1 4 3 6 8 2] [11.91043226, 7.82516, 8.341940000000001, 11.91043226, 10.3515914, 9.519546, 10.3515914, 6.406600000000001, 6.1922, 7.74498]
evaluate reward 19.0
7 [0 2 1 3 5 9 8] [12.619389034000001, 8.942644, 9.407746000000001, 12.619389034000001, 10.3515914, 10.4675914, 10.3515914, 6.406600000000001, 7.47298, 8.870481999999999]
evaluate reward 14.4
8 [0 7 8 1 9 4 5] [12.797450130600001, 9.4883796, 9.407746000000001, 12.619389034000001, 10.75643226, 10.86083226, 10.3515914, 7.205940000000001, 8.165682, 9.4234338]
evaluate reward 25.0
9 [0 7 3 9 4 8 6] [14.017705117540002, 9.4883796, 9.407746000000001, 13.8574501306, 12.180789034, 10.86083226, 11.816432260000001, 8.985346, 9.849113800000001, 10.98109042]
evaluate reward 20.6
10 [0 7 8 2 3 6 4] [14.675934605786003, 9.4883796, 10.5269714, 14.53170511754, 13.0227101306, 10.86083226, 12.694789034000001, 10.1468114, 10.924202420000002, 10.98109042]
evaluate reward 16.6
11 [0 5 6 4 3 2 1] [14.868341145207403, 10.19954164, 11.134274260000002, 14.738534605786, 13.38043911754, 11.434749034000001, 13.085310130600002, 10.1468114, 10.924202420000002, 10.98109042]
evaluate reward 25.6
12 [0 8 2 7 6 1 5] [15.941507030686662, 11.739587476, 12.580846834000003, 14.738534605786, 13.38043911754, 12.8512741306, 14.33677911754, 11.69213026, 12.391782178000001, 10.98109042]
evaluate reward 13.4
13 [0 6 9 5 4 3 8] [15.687356327617996, 11.739587476, 12.580846834000003, 14.604681145207401, 13.382395205786, 12.90614671754, 14.243101205786001, 11.69213026, 12.492603960200002, 11.222981378]
evaluate reward 22.8
14 [0 3 8 9 6 1 5] [16.398620694856195, 12.845628728400001, 12.580846834000003, 15.42421303068666, 13.382395205786, 13.895532045786, 15.0987910852074, 11.69213026, 13.523343564180003, 12.3806832402]
evaluate reward 18.0
15 [0 3 6 5 8 4 1] [16.558758625370576, 13.361065855560001, 12.580846834000003, 15.681791727617995, 13.8441556852074, 14.3059788412074, 15.38891197668666, 11.69213026, 13.971009207762002, 12.3806832402]
evaluate reward 16.6
16 [0 8 1 6 2 3 7] [16.562882762833517, 13.684959270004, 12.982762150600003, 15.773612554856195, 13.8441556852074, 14.3059788412074, 15.510020779017994, 12.182917234000001, 14.233908286985802, 12.3806832402]
evaluate reward 28.8
17 [0 4 9 1 5 3 6] [17.786594486550165, 15.1964633430036, 12.982762150600003, 17.076251299370576, 15.339740116686661, 15.755380957086661, 16.839018701116196, 12.182917234000001, 14.233908286985802, 14.02261491618]
evaluate reward 20.2
18 [0 5 2 4 1 7 9] [18.027935037895148, 15.69681700870324, 13.704485935540003, 17.076251299370576, 15.825766105017994, 16.199842861377995, 16.839018701116196, 12.9846255106, 14.233908286985802, 14.640353424562]
evaluate reward 23.4
19 [0 2 5 4 9 6 1] [18.56514153410563, 16.467135307832915, 14.674037341986002, 17.076251299370576, 16.583189494516194, 16.919858575240195, 17.495116831004577, 12.9846255106, 14.233908286985802, 15.516318082105801]
evaluate reward 34.4
20 [0 7 4 3 6 2 1] [20.148627380695068, 18.260421777049622, 16.6466336077874, 18.808626169433516, 18.364870545064576, 16.919858575240195, 19.18560514790412, 15.12616295954, 14.233908286985802, 15.516318082105801]
evaluate reward 19.6
21 [0 6 3 4 1 5 2] [20.093764642625562, 18.39437959934466, 16.941970247008662, 18.887763552490163, 18.488383490558117, 17.187872717716175, 19.227044633113707, 15.12616295954, 14.233908286985802, 15.516318082105801]
evaluate reward 20.0
22 [0 6 1 2 3 9 4] [20.084388178363007, 18.554941639410195, 17.247773222307796, 18.998987197241146, 18.639545141502307, 17.187872717716175, 19.304340169802337, 15.12616295954, 14.233908286985802, 15.964686273895222]
evaluate reward 23.2
23 [0 6 3 4 1 2 5] [20.395949360526707, 19.019447475469175, 17.842995900077018, 19.419088477517032, 19.095590627352077, 17.789085445944558, 19.6939061528221, 15.12616295954, 14.233908286985802, 15.964686273895222]
evaluate reward 13.2
24 [0 9 8 6 7 5 3] [19.676354424474034, 19.019447475469175, 17.842995900077018, 18.797179629765328, 19.095590627352077, 17.3301769013501, 19.04451553753989, 14.933546663586, 14.13051745828722, 15.688217646505699]
evaluate reward 31.4
25 [0 7 6 1 8 5 4] [20.848718982026632, 20.257502727922258, 17.842995900077018, 18.797179629765328, 20.32603156461687, 18.73715921121509, 20.2800639837859, 16.5801919972274, 15.857465712458499, 15.688217646505699]
evaluate reward 29.8
26 [0 7 8 4 5 2 1] [21.74384708382397, 21.211752455130032, 19.038696310069316, 18.797179629765328, 21.273428408155183, 19.84344329009358, 20.2800639837859, 17.902172797504658, 17.25171914121265, 15.688217646505699]
evaluate reward 27.4
27 [0 9 7 8 5 1 6] [22.309462375441573, 21.83057720961703, 19.038696310069316, 18.797179629765328, 21.273428408155183, 20.599098961084223, 20.99205758540731, 18.85195551775419, 18.266547227091387, 16.85939588185513]
evaluate reward 18.8
28 [0 8 4 5 9 3 6] [21.958516137897416, 21.83057720961703, 19.038696310069316, 18.797461666788795, 21.026085567339663, 20.4191890649758, 20.772851826866578, 18.85195551775419, 18.31989250438225, 17.053456293669615]
evaluate reward 23.0
29 [0 4 5 3 2 9 6] [22.062664524107674, 21.83057720961703, 19.434826679062382, 19.217715500109914, 21.2234770106057, 20.67727015847822, 20.99556664417992, 18.85195551775419, 18.31989250438225, 17.648110664302653]
evaluate reward 21.8
30 [0 9 3 2 1 4 5] [22.036398071696908, 21.827519488655327, 19.671344011156144, 19.475943950098923, 21.28112930954513, 20.789543142630396, 20.99556664417992, 18.85195551775419, 18.31989250438225, 18.063299597872387]
evaluate reward 22.0
31 [0 9 2 3 6 4 7] [22.032758264527217, 21.827519488655327, 19.904209610040528, 19.728349555089032, 21.353016378590617, 20.789543142630396, 21.096009979761927, 19.166759965978773, 18.31989250438225, 18.45696963808515]
evaluate reward 26.8
32 [0 1 4 2 5 8 7] [22.509482438074496, 22.324767539789793, 20.593788649036476, 19.728349555089032, 21.897714740731555, 21.390588828367356, 21.096009979761927, 19.930083969380895, 19.167903253944026, 18.45696963808515]
evaluate reward 25.4
33 [0 1 5 8 6 7 4] [22.798534194267045, 22.632290785810813, 20.593788649036476, 19.728349555089032, 22.2479432666584, 21.79152994553062, 21.526408981785735, 20.477075572442807, 19.791112928549623, 18.45696963808515]
evaluate reward 18.8
34 [0 1 3 6 5 9 7] [22.39868077484034, 22.249061707229732, 20.593788649036476, 19.63551459958013, 22.2479432666584, 21.492376950977558, 21.253768083607163, 20.309368015198526, 19.791112928549623, 18.491272674276633]
evaluate reward 35.0
35 [0 1 4 5 6 2 7] [23.658812697356307, 23.524155536506758, 22.03440978413283, 19.63551459958013, 23.52314893999256, 22.8431392558798, 22.628391275246447, 21.778431213678672, 19.791112928549623, 18.491272674276633]
evaluate reward 20.2
36 [0 8 2 1 4 5 3] [23.312931427620676, 23.19173998285608, 21.850968805719546, 19.691963139622118, 23.190834045993302, 22.57882533029182, 22.628391275246447, 21.778431213678672, 19.83200163569466, 18.491272674276633]
evaluate reward 26.8
37 [0 6 7 8 2 9 3] [23.661638284858608, 23.19173998285608, 22.34587192514759, 20.402766825659906, 23.190834045993302, 22.57882533029182, 23.045552147721803, 22.280588092310804, 20.528801472125195, 19.32214540684897]
evaluate reward 20.8
38 [0 9 8 2 5 6 1] [23.375474456372746, 22.952565984570473, 22.19128473263283, 20.402766825659906, 23.190834045993302, 22.400942797262637, 22.820996932949623, 22.280588092310804, 20.555921324912674, 19.469930866164074]
evaluate reward 35.2
39 [0 4 1 6 5 7 2] [24.557927010735472, 24.177309386113425, 23.492156259369548, 20.402766825659906, 24.391750641393973, 23.680848517536372, 24.058897239654662, 23.572529283079724, 20.555921324912674, 19.469930866164074]
evaluate reward 24.6
40 [0 7 5 6 4 1 9] [24.562134309661925, 24.219578447502084, 23.492156259369548, 20.402766825659906, 24.412575577254575, 23.772763665782733, 24.113007515689198, 23.675276354771754, 20.555921324912674, 19.982937779547665]
evaluate reward 18.0
41 [0 4 1 6 5 7 2] [23.90592087869573, 23.597620602751874, 22.942940633432592, 20.402766825659906, 23.77131801952912, 23.19548729920446, 23.50170676412028, 23.107748719294577, 20.555921324912674, 19.982937779547665]
evaluate reward 25.6
42 [0 4 1 6 5 7 2] [24.07532879082616, 23.797858542476686, 23.208646570089332, 20.402766825659906, 23.954186217576208, 23.435938569284012, 23.71153608770825, 23.35697384736512, 20.555921324912674, 19.982937779547665]
evaluate reward 32.8
43 [0 8 5 6 3 9 2] [24.947795911743544, 23.797858542476686, 24.167781913080397, 21.642490143093916, 23.954186217576208, 24.37234471235561, 24.620382478937426, 23.35697384736512, 21.780329192421405, 21.2646440015929]
evaluate reward 34.0
44 [0 3 4 8 2 7 6] [25.85301632056919, 23.797858542476686, 25.15100372177236, 22.878241128784524, 24.958767595818586, 24.37234471235561, 25.558344231043684, 24.421276462628608, 23.002296273179265, 21.2646440015929]
evaluate reward 35.6
45 [0 6 2 4 7 5 1] [26.82771468851227, 24.978072688229016, 26.195903349595124, 22.878241128784524, 26.022890836236726, 25.49511024112005, 26.562509807939314, 25.539148816365746, 23.002296273179265, 21.2646440015929]
evaluate reward 27.8
46 [0 1 3 2 9 6 7] [26.924943219661042, 25.260265419406114, 26.35631301463561, 23.37041701590607, 26.022890836236726, 25.49511024112005, 26.686258827145384, 25.76523393472917, 23.002296273179265, 21.918179601433607]
evaluate reward 34.6
47 [0 3 9 8 1 7 4] [27.692448897694938, 26.1942388774655, 26.35631301463561, 24.493375314315465, 26.880601752613053, 25.49511024112005, 26.686258827145384, 26.648710541256253, 24.162066645861337, 23.186361641290247]
evaluate reward 18.6
48 [0 2 6 1 7 5 8] [26.783204007925445, 25.43481498971895, 25.580681713172048, 24.493375314315465, 26.880601752613053, 24.805599217008044, 25.877632944430847, 25.84383948713063, 23.605859981275202, 23.186361641290247]
evaluate reward 23.8
49 [0 7 8 3 4 2 6] [26.4848836071329, 25.43481498971895, 25.402613541854844, 24.424037782883918, 26.57254157735175, 24.805599217008044, 25.669869649987763, 25.639455538417568, 23.625273983147682, 23.186361641290247]
evaluate reward 26.2
50 [0 1 5 7 2 8 6] [26.45639524641961, 25.511333490747056, 25.48235218766936, 24.424037782883918, 26.57254157735175, 24.94503929530724, 25.72288268498899, 25.69550998457581, 23.882746584832915, 23.186361641290247]
evaluate reward 26.6
51 [0 5 8 4 3 2 9] [26.47075572177765, 25.511333490747056, 25.594116968902423, 24.641634004595527, 26.575287419616576, 25.110535365776517, 25.72288268498899, 25.69550998457581, 24.154471926349625, 23.527725477161223]
evaluate reward 28.4
52 [0 4 6 7 2 1 5] [26.663680149599884, 25.80020014167235, 25.87470527201218, 24.641634004595527, 26.75775867765492, 25.439481829198865, 25.99059441649009, 25.96595898611823, 24.154471926349625, 23.527725477161223]
evaluate reward 31.0
53 [0 7 9 5 4 6 1] [27.097312134639896, 26.320180127505115, 25.87470527201218, 24.641634004595527, 27.181982809889426, 25.99553364627898, 26.49153497484108, 26.46936308750641, 24.154471926349625, 24.2749529294451]
evaluate reward 29.4
54 [0 8 1 2 9 7 3] [27.327580921175908, 26.628162114754602, 26.22723474481096, 25.117470604135974, 27.181982809889426, 25.99553364627898, 26.49153497484108, 26.762426778755767, 24.679024733714662, 24.78745763650059]
evaluate reward 28.6
55 [0 4 3 7 9 5 6] [27.45482282905832, 26.628162114754602, 26.22723474481096, 25.465723543722376, 27.323784528900482, 26.25598028165108, 26.702381477356973, 26.946184100880192, 24.679024733714662, 25.168711872850533]
evaluate reward 44.6
56 [0 1 8 3 7 6 5] [29.169340546152487, 28.42534590327914, 26.22723474481096, 27.37915118935014, 27.323784528900482, 28.090382253485974, 28.492143329621275, 28.711565690792174, 26.671122260343196, 25.168711872850533]
evaluate reward 36.2
57 [0 9 4 1 7 6 2] [29.872406491537237, 29.202811312951226, 27.224511270329863, 27.37915118935014, 28.211406076010434, 28.090382253485974, 29.26292899665915, 29.460409121712956, 26.671122260343196, 26.27184068556548]
evaluate reward 16.4
58 [0 7 6 1 4 5 3] [28.525165842383515, 27.922530181656104, 27.224511270329863, 26.281236070415126, 27.03026546840939, 26.921344028137376, 27.976636096993232, 28.154368209541662, 26.671122260343196, 26.27184068556548]
evaluate reward 29.6
59 [0 7 2 8 5 9 3] [28.632649258145165, 27.922530181656104, 27.462060143296878, 26.613112463373614, 27.03026546840939, 27.189209625323638, 27.976636096993232, 28.298931388587498, 26.964010034308878, 26.60465661700893]
evaluate reward 26.0
60 [0 7 6 1 2 5 4] [28.369384332330647, 27.73027716349049, 27.31585412896719, 26.613112463373614, 26.92723892156845, 27.070288662791274, 27.77897248729391, 28.06903824972875, 26.964010034308878, 26.60465661700893]
evaluate reward 30.8
61 [0 9 5 2 8 3 7] [28.612445899097583, 27.73027716349049, 27.66426871607047, 27.031801217036254, 26.92723892156845, 27.443259796512148, 27.77897248729391, 28.342134424755873, 27.34760903087799, 27.02419095530804]
evaluate reward 17.8
62 [0 2 7 6 1 5 4] [27.531201309187825, 26.737249447141444, 26.677841844463423, 27.031801217036254, 26.014515029411605, 26.478933816860934, 26.78107523856452, 27.287920982280287, 27.34760903087799, 27.02419095530804]
evaluate reward 22.2
63 [0 6 2 7 8 5 9] [26.998081178269043, 26.737249447141444, 26.23005766001708, 27.031801217036254, 26.014515029411605, 26.05104043517484, 26.322967714708067, 26.77912888405226, 26.832848127790193, 26.541771859777235]
evaluate reward 20.6
64 [0 5 6 2 9 3 1] [26.358273060442137, 26.1235245024273, 25.667051894015373, 26.388621095332628, 26.014515029411605, 25.505936391657357, 25.75067094323726, 26.77912888405226, 26.832848127790193, 25.94759467379951]
evaluate reward 35.8
65 [0 1 6 3 8 9 4] [27.302445754397922, 27.09117205218457, 25.667051894015373, 27.329758985799366, 26.993063526470443, 25.505936391657357, 26.755603848913534, 26.77912888405226, 27.729563315011173, 26.93283520641956]
evaluate reward 28.2
66 [0 6 2 1 7 8 9] [27.392201178958132, 27.202054846966114, 25.920346704613834, 27.329758985799366, 26.993063526470443, 25.505936391657357, 26.90004346402218, 26.92121599564703, 27.776606983510057, 27.059551685777606]
evaluate reward 29.4
67 [0 2 4 5 1 8 7] [27.592981061062318, 27.4218493622695, 26.26831203415245, 27.329758985799366, 27.2337571738234, 25.895342752491622, 26.90004346402218, 27.16909439608233, 27.93894628515905, 27.059551685777606]
evaluate reward 29.6
68 [0 5 4 1 3 8 2] [27.793682954956086, 27.63966442604255, 26.601480830737206, 27.55678308721943, 27.47038145644106, 26.26580847724246, 26.90004346402218, 27.16909439608233, 28.10505165664315, 27.059551685777606]
evaluate reward 36.0
69 [0 9 1 7 2 8 4] [28.614314659460476, 28.475697983438295, 27.541332747663485, 27.55678308721943, 28.323343310796954, 26.26580847724246, 26.90004346402218, 28.052184956474097, 28.894546490978833, 27.953596517199845]
evaluate reward 39.8
70 [0 5 7 9 2 4 8] [29.73288319351443, 28.475697983438295, 28.767199472897136, 27.55678308721943, 29.471008979717258, 27.619227629518214, 26.90004346402218, 29.226966460826688, 29.985091841880948, 29.13823686547986]
evaluate reward 26.2
71 [0 5 9 1 3 6 2] [29.379594874162986, 28.248128185094465, 28.510479525607423, 27.421104778497487, 29.471008979717258, 27.477304866566392, 26.83003911761996, 29.226966460826688, 29.985091841880948, 28.844413178931873]
evaluate reward 25.0
72 [0 8 4 7 9 2 1] [28.94163538674669, 27.92331536658502, 28.15943157304668, 27.421104778497487, 29.02390808174553, 27.477304866566392, 26.83003911761996, 28.804269814744018, 29.486582657692853, 28.459971861038685]
evaluate reward 44.2
73 [0 4 6 1 7 3 5] [30.46747184807202, 29.550983829926516, 28.15943157304668, 29.09899430064774, 30.541517273570978, 29.149574379909755, 28.567035205857966, 30.343842833269616, 29.486582657692853, 28.459971861038685]
evaluate reward 31.8
74 [0 4 7 1 8 5 3] [30.600724663264817, 29.775885446933863, 28.15943157304668, 29.369094870582966, 30.66736554621388, 29.41461694191878, 28.567035205857966, 30.489458549942654, 29.717924391923567, 28.459971861038685]
evaluate reward 32.2
75 [0 9 4 1 5 2 3] [30.760652196938334, 30.018296902240476, 28.563488415742015, 29.65218538352467, 30.820628991592493, 29.693155247726903, 28.567035205857966, 30.489458549942654, 29.717924391923567, 28.833974674934815]
evaluate reward 30.0
76 [0 4 7 1 8 5 3] [30.6845869772445, 30.01646721201643, 28.563488415742015, 29.686966845172204, 30.738566092433242, 29.723839722954214, 28.567035205857966, 30.44051269494839, 29.74613195273121, 28.833974674934815]
evaluate reward 42.4
77 [0 4 7 1 8 5 3] [31.85612827952005, 31.254820490814787, 28.563488415742015, 30.958270160654983, 31.90470948318992, 30.991455750658794, 28.567035205857966, 31.63646142545355, 31.01151875745809, 28.833974674934815]
evaluate reward 31.0
78 [0 4 7 1 8 5 3] [31.770515451568045, 31.229338441733308, 28.563488415742015, 30.962443144589486, 31.814238534870928, 30.992310175592916, 28.567035205857966, 31.572815282908195, 31.010366881712283, 28.833974674934815]
evaluate reward 22.0
79 [0 6 9 1 7 5 3] [30.79346390641124, 30.306404597559975, 28.563488415742015, 30.06619883013054, 31.814238534870928, 30.093079158033625, 27.91033168527217, 30.615533754617374, 31.010366881712283, 28.150577207441334]
evaluate reward 16.4
80 [0 4 8 7 1 5 3] [29.354117515770117, 28.91576413780398, 28.563488415742015, 28.699578947117484, 30.272814681383835, 28.723771242230264, 27.91033168527217, 29.193980379155636, 29.549330193541053, 28.150577207441334]
evaluate reward 43.2
81 [0 2 1 4 8 7 5] [30.738705764193107, 30.34418772402358, 30.027139574167812, 28.699578947117484, 31.565533213245452, 30.17139411800724, 27.91033168527217, 30.594582341240073, 30.91439717418695, 28.150577207441334]
evaluate reward 23.6
82 [0 3 5 9 8 2 1] [30.024835187773796, 29.669768951621222, 29.38442561675103, 28.189621052405734, 31.565533213245452, 29.514254706206515, 27.91033168527217, 30.594582341240073, 30.182957456768253, 27.6955194866972]
evaluate reward 39.8
83 [0 4 7 8 1 5 2] [31.002351668996415, 30.6827920564591, 30.42598305507593, 28.189621052405734, 32.388979891920904, 30.542829235585863, 27.91033168527217, 31.515124107116065, 31.144661711091427, 27.6955194866972]
evaluate reward 37.8
84 [0 1 4 3 7 5 2] [31.682116502096772, 31.39451285081319, 31.163384749568337, 29.15065894716516, 32.930081902728816, 31.268546312027276, 27.91033168527217, 32.143611696404456, 31.144661711091427, 27.6955194866972]
evaluate reward 20.6
85 [0 2 6 3 8 5 1] [30.573904851887093, 30.31506156573187, 30.107046274611502, 28.295593052448645, 32.930081902728816, 30.20169168082455, 27.179298516744954, 32.143611696404456, 30.090195539982282, 27.6955194866972]
evaluate reward 22.4
86 [0 4 7 1 5 2 8] [29.756514366698383, 29.523555409158682, 29.336341647150352, 28.295593052448645, 31.877073712455935, 29.421522512742094, 27.179298516744954, 31.16925052676401, 29.321175985984056, 27.6955194866972]
evaluate reward 34.4
87 [0 6 8 1 3 5 9] [30.220862930028545, 30.011199868242812, 29.336341647150352, 28.90603374720378, 31.877073712455935, 29.919370261467883, 27.901368665070457, 31.16925052676401, 29.82905838738565, 28.36596753802748]
evaluate reward 23.8
88 [0 2 3 4 6 9 5] [29.57877663702569, 30.011199868242812, 28.782707482435317, 28.3954303724834, 31.06936634121034, 29.307433235321096, 27.491231798563412, 31.16925052676401, 29.82905838738565, 27.90937078422473]
evaluate reward 30.4
89 [0 7 4 1 8 5 2] [29.66089897332312, 30.05007988141853, 28.944436734191786, 28.3954303724834, 31.002429707089306, 29.416689911788986, 27.491231798563412, 31.09232547408761, 29.886152548647086, 27.90937078422473]
evaluate reward 42.8
90 [0 7 4 1 8 5 2] [30.97480907599081, 31.325071893276675, 30.32999306077261, 28.3954303724834, 32.18218673638037, 30.755020920610086, 27.491231798563412, 32.26309292667885, 31.17753729378238, 27.90937078422473]
evaluate reward 20.8
91 [0 4 9 7 1 5 3] [29.95732816839173, 30.27256470394901, 30.32999306077261, 27.63588733523506, 31.043968062742337, 29.759518828549076, 27.491231798563412, 31.116783634010964, 31.17753729378238, 27.19843370580226]
evaluate reward 27.6
92 [0 8 7 4 2 1 5] [29.72159535155256, 30.005308233554107, 30.05699375469535, 27.63588733523506, 30.699571256468104, 29.54356694569417, 27.491231798563412, 30.76510527060987, 30.81978356440414, 27.19843370580226]
evaluate reward 38.2
93 [0 9 3 5 6 1 4] [30.569435816397302, 30.824777410198696, 30.05699375469535, 28.692298601711556, 31.449614130821296, 30.409210251124755, 28.56210861870707, 30.76510527060987, 30.81978356440414, 28.298590335222034]
evaluate reward 24.6
94 [0 4 1 8 7 5 2] [29.97249223475757, 30.202299669178828, 29.511294379225813, 28.692298601711556, 30.764652717739168, 29.82828922601228, 28.56210861870707, 30.148594743548884, 30.197805207963725, 28.298590335222034]
evaluate reward 38.4
95 [0 7 4 3 9 5 1] [30.815243011281815, 31.022069702260946, 29.511294379225813, 29.6630687415404, 31.52818744596525, 30.685460303411052, 28.56210861870707, 30.973735269193995, 30.197805207963725, 29.30873130169983]
evaluate reward 20.0
96 [0 9 5 1 8 6 4] [29.733718710153635, 29.91986273203485, 29.511294379225813, 29.6630687415404, 30.375368701368725, 29.616914273069945, 27.705897756836364, 30.973735269193995, 29.17802468716735, 28.377858171529848]
evaluate reward 38.2
97 [0 7 4 1 3 5 2] [30.580346839138272, 30.747876458831367, 30.38016494130323, 30.51676186738636, 31.157831831231853, 30.47522284576295, 27.705897756836364, 31.696361742274597, 29.17802468716735, 28.377858171529848]
evaluate reward 34.8
98 [0 9 2 7 3 8 6] [31.002312155224445, 30.747876458831367, 30.822148447172907, 30.945085680647725, 31.157831831231853, 30.47522284576295, 28.41530798115273, 32.00672556804714, 29.740222218450615, 29.020072354376865]
evaluate reward 34.4
99 [0 7 4 3 2 1 5] [31.342080939702, 31.11308881294823, 31.179933602455616, 31.29057711258295, 31.482048648108666, 30.867700561186656, 28.41530798115273, 32.246053011242424, 29.740222218450615, 29.020072354376865]
evaluate reward 22.6
100 [0 7 4 3 2 1 5] [30.4678728457318, 30.261779931653408, 30.321940242210054, 30.421519401324655, 30.5938437832978, 30.04093050506799, 28.41530798115273, 31.281447710118183, 29.740222218450615, 29.020072354376865]
evaluate reward 24.0
101 [0 7 4 3 2 1 5] [29.821085561158622, 29.635601938488065, 29.68974621798905, 29.77936746119219, 29.93445940496802, 29.436837454561193, 28.41530798115273, 30.553302939106366, 29.740222218450615, 29.020072354376865]
evaluate reward 41.0
102 [0 1 5 8 9 4 7] [30.93897700504276, 30.77204174463926, 29.68974621798905, 29.77936746119219, 31.04101346447122, 30.593153709105074, 28.41530798115273, 31.59797264519573, 30.866199996605552, 30.21806511893918]
evaluate reward 30.0
103 [0 7 3 9 4 1 2] [30.845079304538483, 30.694837570175334, 29.720771596190147, 29.80143071507297, 30.936912118024097, 30.593153709105074, 28.41530798115273, 31.438175380676157, 30.866199996605552, 30.196258607045262]
evaluate reward 39.6
104 [0 1 6 8 4 5 3] [31.720571374084635, 31.585353813157802, 29.720771596190147, 30.781287643565676, 31.803220906221686, 31.493838338194568, 29.533777183037458, 31.438175380676157, 31.739579996944997, 30.196258607045262]
evaluate reward 41.8
105 [0 7 3 5 2 4 1] [32.72851423667617, 32.60681843184202, 30.92869443657113, 31.88315887920911, 32.80289881559952, 32.52445450437511, 29.533777183037458, 32.47435784260854, 31.739579996944997, 30.196258607045262]
evaluate reward 32.8
106 [0 4 1 5 7 3 8] [32.73566281300855, 32.62613658865782, 30.92869443657113, 31.9748429912882, 32.80260893403957, 32.552009053937596, 29.533777183037458, 32.50692205834768, 31.845621997250497, 30.196258607045262]
evaluate reward 30.6
107 [0 5 7 2 6 3 1] [32.522096531707696, 32.42352292979204, 30.89582499291402, 31.83735869215938, 32.80260893403957, 32.356808148543834, 29.64039946473371, 32.31622985251292, 31.845621997250497, 30.196258607045262]
evaluate reward 46.6
108 [0 9 4 1 8 2 5] [33.92988687853693, 33.84117063681284, 32.466242493622616, 31.83735869215938, 34.18234804063561, 33.781127333689454, 29.64039946473371, 32.31622985251292, 33.32105979752545, 31.836632746340737]
evaluate reward 19.4
109 [0 4 1 5 8 2 7] [32.47689819068324, 32.39705357313156, 31.159618244260354, 31.83735869215938, 32.70411323657205, 32.34301460032051, 29.64039946473371, 31.024606867261628, 31.928953817772904, 31.836632746340737]
evaluate reward 46.0
110 [0 4 5 8 7 6 9] [33.82920837161491, 32.39705357313156, 31.159618244260354, 31.83735869215938, 34.03370191291484, 33.70871314028846, 31.27635951826034, 32.522146180535465, 33.33605843599561, 33.25296947170666]
evaluate reward 38.0
111 [0 4 1 5 9 3 2] [34.24628753445342, 32.9573482158184, 31.843656419834318, 32.453622822943444, 34.43033172162336, 34.13784182625962, 31.27635951826034, 32.522146180535465, 33.33605843599561, 33.727672524536]
evaluate reward 32.6
112 [0 1 4 6 3 9 2] [34.08165878100808, 32.92161339423656, 31.919290777850886, 32.4682605406491, 34.24729854946102, 34.13784182625962, 31.408723566434304, 32.522146180535465, 33.33605843599561, 33.614905272082396]
evaluate reward 34.8
113 [0 4 5 9 8 1 7] [34.153492902907274, 33.109452054812905, 31.919290777850886, 32.4682605406491, 34.30256869451492, 34.204057643633654, 31.408723566434304, 32.74993156248192, 33.48245259239605, 33.73341474487415]
evaluate reward 44.8
114 [0 6 1 5 3 7 4] [35.218143612616544, 34.27850684933161, 31.919290777850886, 33.70143448658419, 35.352311825063424, 35.263651879270284, 32.74785120979087, 33.95493840623373, 33.48245259239605, 33.73341474487415]
evaluate reward 35.4
115 [0 4 5 1 7 9 3] [35.23632925135489, 34.39065616439845, 31.919290777850886, 33.87129103792577, 35.35708064255708, 35.27728669134326, 32.74785120979087, 34.099444565610355, 33.48245259239605, 33.90007327038674]
evaluate reward 28.0
116 [0 1 5 6 8 2 4] [34.5126963262194, 33.75159054795861, 31.527361700065796, 33.87129103792577, 34.62137257830137, 34.54955802220893, 32.27306608881179, 34.099444565610355, 32.934207333156444, 33.90007327038674]
evaluate reward 39.4
117 [0 4 5 7 9 3 1] [35.00142669359746, 34.316431493162746, 31.527361700065796, 34.424161934133195, 35.09923532047123, 35.03460221998803, 32.27306608881179, 34.62950010904932, 32.934207333156444, 34.450065943348065]
evaluate reward 40.4
118 [0 4 5 7 9 3 1] [35.54128402423771, 34.92478834384647, 31.527361700065796, 35.02174574071988, 35.629311788424104, 35.57114199798923, 32.27306608881179, 35.20655009814438, 32.934207333156444, 35.04505934901326]
evaluate reward 41.4
119 [0 1 9 8 5 6 4] [36.12715562181394, 35.572309509461824, 31.527361700065796, 35.02174574071988, 36.20638060958169, 36.154027798190306, 33.18575947993061, 35.20655009814438, 33.7807865998408, 35.680553414111934]
evaluate reward 44.2
120 [0 4 5 9 1 7 3] [36.93444005963255, 36.43507855851564, 31.527361700065796, 35.939571166647895, 37.00574254862352, 36.95862501837128, 33.18575947993061, 36.105895088329945, 33.7807865998408, 36.53249807270074]
evaluate reward 30.6
121 [0 5 3 1 4 6 7] [36.300996053669294, 35.85157070266408, 31.527361700065796, 35.40561404998311, 36.36516829376117, 36.322762516534155, 32.92718353193755, 35.55530557949695, 33.7807865998408, 36.53249807270074]
evaluate reward 38.2
122 [0 9 4 5 1 7 3] [36.490896448302365, 36.08641363239767, 31.527361700065796, 35.68505264498479, 36.54865146438505, 36.51048626488074, 32.92718353193755, 35.81977502154726, 33.7807865998408, 36.69924826543067]
evaluate reward 58.8
123 [0 3 7 5 8 1 6] [38.72180680347213, 38.357772269157905, 31.527361700065796, 37.99654738048631, 36.54865146438505, 38.739437638392666, 35.5144651787438, 38.11779751939253, 36.28270793985672, 36.69924826543067]
evaluate reward 31.8
124 [0 5 1 7 3 9 4] [38.02962612312491, 37.70199504224212, 31.527361700065796, 37.37689264243768, 36.07378631794655, 38.0454938745534, 35.5144651787438, 37.486017767453276, 36.28270793985672, 36.2093234388876]
evaluate reward 44.2
125 [0 5 1 7 3 8 9] [38.646663510812424, 38.3517955380179, 31.527361700065796, 38.059203378193914, 36.07378631794655, 38.660944487098064, 35.5144651787438, 38.157415990707946, 37.07443714587105, 37.00839109499884]
evaluate reward 59.8
126 [0 5 1 7 3 8 9] [40.76199715973118, 40.49661598421611, 31.527361700065796, 40.23328304037452, 36.07378631794655, 40.77485003838826, 35.5144651787438, 40.32167439163715, 39.34699343128395, 39.28755198549896]
evaluate reward 36.8
127 [0 3 6 5 8 9 1] [40.36579744375806, 40.126954385794505, 31.527361700065796, 39.889954736337074, 36.07378631794655, 40.377365034549435, 35.643018660869416, 40.32167439163715, 39.092294088155555, 39.038796786949064]
evaluate reward 38.4
128 [0 5 7 1 3 8 9] [40.16921769938226, 39.95425894721505, 31.527361700065796, 39.74095926270337, 36.07378631794655, 40.179628531094494, 35.643018660869416, 40.129506952473434, 39.023064679339996, 38.97491710825416]
evaluate reward 39.6
129 [0 4 7 3 6 8 5] [40.11229592944403, 39.95425894721505, 31.527361700065796, 39.726863336433034, 36.4264076861519, 40.12166567798504, 36.038716794782474, 40.07655625722609, 39.08075821140599, 38.97491710825416]
evaluate reward 36.4
130 [0 4 5 1 9 7 6] [39.74106633649963, 39.598833052493546, 31.527361700065796, 39.726863336433034, 36.42376691753671, 39.74949911018654, 36.07484511530423, 39.70890063150348, 39.08075821140599, 38.71742539742874]
evaluate reward 32.4
131 [0 5 3 7 1 8 9] [39.00695970284966, 38.87894974724419, 31.527361700065796, 38.99417700278973, 36.42376691753671, 39.01454919916789, 36.07484511530423, 38.978010568353135, 38.412682390265395, 38.08568285768587]
evaluate reward 38.4
132 [0 5 3 7 1 8 9] [38.946263732564695, 38.83105477251977, 31.527361700065796, 38.93475930251076, 36.42376691753671, 38.9530942792511, 36.07484511530423, 38.92020951151782, 38.41141415123886, 38.117114571917284]
evaluate reward 37.8
133 [0 9 1 5 6 2 4] [38.831637359308225, 38.72794929526779, 32.154625530059214, 38.93475930251076, 36.561390225783036, 38.837784851325985, 36.24736060377381, 38.92020951151782, 38.41141415123886, 38.08540311472556]
evaluate reward 35.4
134 [0 2 6 5 8 9 3] [38.4884736233774, 38.72794929526779, 32.47916297705329, 38.58128337225968, 36.561390225783036, 38.49400636619339, 36.162624543396426, 38.92020951151782, 38.11027273611497, 37.816862803253]
evaluate reward 34.6
135 [0 7 1 3 5 8 9] [38.09962626103966, 38.31515436574101, 32.47916297705329, 38.183155035033714, 36.561390225783036, 38.10460572957405, 36.162624543396426, 38.488188560366034, 37.75924546250347, 37.4951765229277]
evaluate reward 40.0
136 [0 7 1 3 5 8 9] [38.28966363493569, 38.48363892916691, 32.47916297705329, 38.36483953153034, 36.561390225783036, 38.29414515661664, 36.162624543396426, 38.63936970432943, 37.98332091625313, 37.74565887063493]
evaluate reward 19.6
137 [0 7 1 3 5 8 9] [36.42069727144212, 36.595275036250214, 32.47916297705329, 36.48835557837731, 36.561390225783036, 36.42473064095498, 36.162624543396426, 36.73543273389649, 36.144988824627816, 35.93109298357143]
evaluate reward 41.4
138 [0 7 1 4 3 5 6] [36.91862754429791, 37.07574753262519, 32.47916297705329, 36.97952002053958, 37.045251203204735, 36.92225757685948, 36.686362089056786, 37.20188946050684, 36.144988824627816, 35.93109298357143]
evaluate reward 40.0
139 [0 7 1 4 3 5 6] [37.22676478986812, 37.36817277936267, 32.47916297705329, 37.28156801848562, 37.34072608288426, 37.23003181917353, 37.017725880151104, 37.48170051445616, 36.144988824627816, 35.93109298357143]
evaluate reward 28.2
140 [0 4 1 2 5 9 8] [36.32408831088131, 36.451355501426406, 32.05124667934796, 37.28156801848562, 36.42665347459583, 36.32702863725618, 37.017725880151104, 37.48170051445616, 35.350489942165034, 35.15798368521429]
evaluate reward 30.6
141 [0 7 3 6 1 4 5] [35.751679479793175, 35.86621995128377, 32.05124667934796, 36.61341121663706, 35.84398812713625, 35.75432577353056, 36.375953292135996, 36.79353046301054, 35.350489942165034, 35.15798368521429]
evaluate reward 39.8
142 [0 8 6 4 1 2 3] [36.156511531813855, 36.25959795615539, 32.82612201141316, 36.932070094973355, 36.23958931442262, 35.75432577353056, 36.7183579629224, 36.79353046301054, 35.79544094794853, 35.15798368521429]
evaluate reward 64.6
143 [0 2 1 5 3 8 6] [39.00086037863247, 39.09363816053985, 36.003509810271844, 39.69886308547602, 36.23958931442262, 38.638893196177506, 39.506522166630155, 36.79353046301054, 38.675896853153674, 35.15798368521429]
evaluate reward 64.8
144 [0 3 6 1 8 5 7] [41.58077434076922, 41.66427434448586, 36.003509810271844, 42.20897677692842, 36.23958931442262, 41.255003876559755, 42.035869949967136, 39.594177416709485, 41.288307167838305, 35.15798368521429]
evaluate reward 42.0
145 [0 3 6 1 8 5 7] [41.6226969066923, 41.69784691003728, 36.003509810271844, 42.18807909923557, 36.23958931442262, 41.32950348890378, 42.03228295497042, 39.83475967503853, 41.359476451054476, 35.15798368521429]
evaluate reward 55.8
146 [0 3 6 1 8 5 7] [43.04042721602307, 43.10806221903355, 36.003509810271844, 43.549271189312016, 36.23958931442262, 42.776553140013405, 43.40905465947338, 41.43128370753468, 42.80352880594903, 35.15798368521429]
evaluate reward 42.2
147 [0 3 9 4 1 5 6] [42.95638449442076, 43.01725599713019, 36.003509810271844, 43.414344070380814, 36.83563038298036, 42.71889782601207, 43.28814919352604, 41.43128370753468, 42.80352880594903, 35.86218531669286]
evaluate reward 37.0
148 [0 3 6 1 8 5 7] [42.36074604497868, 42.41553039741717, 36.003509810271844, 42.77290966334273, 36.83563038298036, 42.147008043410864, 42.65933427417343, 40.98815533678121, 42.22317592535413, 35.86218531669286]
evaluate reward 35.2
149 [0 8 1 9 2 3 4] [41.64467144048081, 41.69397735767546, 35.923158829244656, 42.015618697008456, 36.672067344682326, 42.147008043410864, 42.65933427417343, 40.98815533678121, 41.52085833281871, 35.79596678502357]
evaluate reward 37.8
150 [0 6 5 3 1 8 7] [41.26020429643273, 41.30457962190791, 35.923158829244656, 41.59405682730761, 36.672067344682326, 41.71230723906978, 42.17340084675609, 40.66933980310309, 41.14877249953684, 35.79596678502357]
evaluate reward 32.2
151 [0 6 5 3 1 8 7] [40.35418386678946, 40.39412165971712, 35.923158829244656, 40.65465114457685, 36.672067344682326, 40.7610765151628, 41.17606076208048, 39.82240582279278, 40.25389524958315, 35.79596678502357]
evaluate reward 38.8
152 [0 6 5 3 1 8 7] [40.19876548011052, 40.23470949374541, 35.923158829244656, 40.46918603011917, 36.672067344682326, 40.56496886364652, 40.938454685872436, 39.7201652405135, 40.108505724624834, 35.79596678502357]
evaluate reward 39.0
153 [0 6 5 3 1 8 7] [40.07888893209947, 40.11123854437087, 35.923158829244656, 40.32226742710725, 36.672067344682326, 40.40847197728187, 40.744609217285195, 39.64814871646215, 39.99765515216235, 35.79596678502357]
evaluate reward 53.2
154 [0 3 8 7 6 5 4] [41.39100003888952, 40.11123854437087, 35.923158829244656, 41.61004068439652, 38.324860610214095, 41.68762477955369, 41.99014829555668, 41.00333384481594, 41.31788963694612, 35.79596678502357]
evaluate reward 43.6
155 [0 6 5 3 8 7 1] [41.61190003500057, 40.46011468993378, 35.923158829244656, 41.80903661595687, 38.324860610214095, 41.87886230159832, 42.15113346600101, 41.26300046033435, 41.54610067325151, 35.79596678502357]
evaluate reward 52.2
156 [0 8 4 5 6 7 3] [42.67071003150052, 40.46011468993378, 35.923158829244656, 42.84813295436118, 39.71237454919269, 42.91097607143848, 43.156020119400914, 42.35670041430091, 42.611490605926356, 35.79596678502357]
evaluate reward 38.8
157 [0 6 5 3 8 7 1] [42.283639028350464, 40.2941032209404, 35.923158829244656, 42.44331965892506, 39.71237454919269, 42.49987846429463, 42.72041810746082, 42.001030372870815, 42.23034154533372, 35.79596678502357]
evaluate reward 47.4
158 [0 1 3 9 6 4 7] [42.79527512551542, 41.00469289884636, 35.923158829244656, 42.93898769303256, 40.48113709427342, 42.49987846429463, 43.18837629671474, 42.54092733558373, 42.23034154533372, 36.95637010652121]
evaluate reward 55.6
159 [0 6 3 7 5 8 1] [44.07574761296387, 42.464223608961724, 35.923158829244656, 44.205088923729306, 40.48113709427342, 43.80989061786517, 44.42953866704327, 43.84683460202536, 43.56730739080035, 36.95637010652121]
evaluate reward 44.6
160 [0 6 3 7 5 8 1] [44.128172851667486, 42.67780124806555, 35.923158829244656, 44.24458003135638, 40.48113709427342, 43.88890155607866, 44.44658480033894, 43.92215114182282, 43.67057665172032, 36.95637010652121]
evaluate reward 51.6
161 [0 6 3 7 5 8 1] [44.87535556650074, 43.570021123259, 35.923158829244656, 44.98012202822074, 40.48113709427342, 44.66001140047079, 45.16192632030504, 44.68993602764054, 44.46351898654829, 36.95637010652121]
evaluate reward 49.6
162 [0 9 1 5 7 3 6] [45.347820009850665, 44.173019010933096, 35.923158829244656, 45.44210982539867, 40.48113709427342, 45.15401026042372, 45.60573368827454, 45.18094242487649, 44.46351898654829, 38.22073309586909]
evaluate reward 64.8
163 [0 7 5 2 1 3 6] [47.2930380088656, 46.23571710983978, 38.81084294632019, 47.3778988428588, 40.48113709427342, 47.118609234381346, 47.52516031944709, 47.14284818238884, 44.46351898654829, 38.22073309586909]
evaluate reward 58.0
164 [0 6 3 7 5 1 8] [48.36373420797904, 47.412145398855806, 38.81084294632019, 48.44010895857292, 40.48113709427342, 48.20674831094321, 48.57264428750238, 48.228563364149956, 45.81716708789346, 38.22073309586909]
evaluate reward 39.0
165 [0 6 3 7 5 1 8] [47.42736078718114, 46.57093085897023, 38.81084294632019, 47.49609806271563, 40.48113709427342, 47.28607347984889, 47.61537985875214, 47.30570702773496, 45.135450379104114, 38.22073309586909]
evaluate reward 50.8
166 [0 6 3 7 5 1 8] [47.764624708463025, 46.9938377730732, 38.81084294632019, 47.826488256444065, 40.48113709427342, 47.637466131864, 47.933841872876926, 47.65513632496146, 45.7019053411937, 38.22073309586909]
evaluate reward 65.2
167 [0 6 3 7 5 1 8] [49.50816223761672, 48.81445399576588, 38.81084294632019, 49.56383943079966, 40.48113709427342, 49.3937195186776, 49.660457685589236, 49.40962269246531, 47.65171480707433, 38.22073309586909]
evaluate reward 54.8
168 [0 6 4 3 9 5 8] [50.03734601385505, 48.81445399576588, 38.81084294632019, 50.087455487719694, 41.91302338484608, 49.93434756680984, 50.17441191703031, 49.40962269246531, 48.366543326366894, 39.878659786282185]
evaluate reward 38.2
169 [0 6 3 5 7 1 8] [48.85361141246955, 47.75300859618929, 38.81084294632019, 48.898709938947725, 41.91302338484608, 48.76091281012886, 48.976970725327284, 48.28866042321878, 47.349888993730204, 39.878659786282185]
evaluate reward 55.4
170 [0 3 5 8 1 7 2] [49.50825027122259, 48.51770773657036, 40.469758651688174, 49.54883894505295, 41.91302338484608, 49.424821529115974, 48.976970725327284, 48.9997943808969, 48.15490009435718, 39.878659786282185]
evaluate reward 35.2
171 [0 3 5 7 6 1 8] [48.07742524410033, 47.185936962913324, 40.469758651688174, 48.11395505054765, 41.91302338484608, 48.002339376204375, 47.59927365279456, 47.61981494280721, 46.859410084921464, 39.878659786282185]
evaluate reward 34.0
172 [0 3 5 7 6 1 8] [46.6696827196903, 45.867343266621994, 40.469758651688174, 46.70255954549289, 41.91302338484608, 46.60210543858394, 46.239346287515104, 46.25783344852649, 45.57346907642932, 39.878659786282185]
evaluate reward 42.2
173 [0 3 5 7 6 1 8] [46.22271444772127, 45.5006089399598, 40.469758651688174, 46.2523035909436, 41.91302338484608, 46.16189489472555, 45.8354116587636, 45.85205010367384, 45.23612216878639, 39.878659786282185]
evaluate reward 66.4
174 [0 3 5 7 6 1 8] [48.24044300294915, 47.590548045963814, 40.469758651688174, 48.26707323184924, 41.91302338484608, 48.185705405252996, 47.891870492887236, 47.90684509330646, 47.35250995190775, 39.878659786282185]
evaluate reward 59.2
175 [0 3 5 7 6 1 8] [49.336398702654236, 48.751493241367434, 40.469758651688174, 49.36036590866431, 41.91302338484608, 49.2871348647277, 49.02268344359851, 49.036160583975814, 48.537258956716975, 39.878659786282185]
evaluate reward 45.6
176 [0 3 5 7 6 1 8] [48.962758832388815, 48.436343917230694, 40.469758651688174, 48.98432931779788, 41.91302338484608, 48.918421378254926, 48.68041509923866, 48.692544525578235, 48.24353306104528, 39.878659786282185]
evaluate reward 48.8
177 [0 3 5 7 6 1 8] [48.94648294914993, 48.472709525507625, 40.469758651688174, 48.96589638601809, 41.91302338484608, 48.90657924042944, 48.69237358931479, 48.70329007302041, 48.29917975494075, 39.878659786282185]
evaluate reward 57.4
178 [0 3 5 7 6 1 8] [49.79183465423494, 49.36543857295686, 40.469758651688174, 49.80930674741628, 41.91302338484608, 49.75592131638649, 49.563136230383314, 49.572961065718374, 49.20926177944668, 39.878659786282185]
evaluate reward 73.4
179 [0 3 5 7 6 1 8] [52.15265118881145, 51.768894715661176, 40.469758651688174, 52.168376072674654, 41.91302338484608, 52.120329184747845, 51.946822607344984, 51.95566495914654, 51.62833560150201, 39.878659786282185]
evaluate reward 78.2
180 [0 3 5 7 6 1 8] [54.757386069930305, 54.412005244095056, 40.469758651688174, 54.77153846540719, 41.91302338484608, 54.72829626627306, 54.57214034661049, 54.580098463231884, 54.285502041351805, 39.878659786282185]
evaluate reward 35.6
181 [0 3 5 7 6 1 8] [52.841647462937274, 52.53080471968555, 40.469758651688174, 52.85438461886647, 41.91302338484608, 52.815466639645756, 52.67492631194944, 52.68208861690869, 52.41695183721662, 39.878659786282185]
evaluate reward 34.6
182 [0 3 5 7 6 1 8] [51.01748271664355, 50.737724247717, 40.469758651688174, 51.02894615697982, 41.91302338484608, 50.99391997568118, 50.867433680754495, 50.87387975521782, 50.63525665349496, 39.878659786282185]
evaluate reward 82.8
183 [0 3 5 7 6 1 8] [54.195734444979195, 53.943951822945294, 40.469758651688174, 54.20605154128184, 41.91302338484608, 54.17452797811306, 54.06069031267904, 54.06649177969604, 53.85173098814547, 39.878659786282185]
evaluate reward 60.8
184 [0 3 5 7 6 1 8] [54.85616100048127, 54.62955664065076, 40.469758651688174, 54.86544638715365, 41.91302338484608, 54.83707518030175, 54.73462128141114, 54.73984260172643, 54.54655788933092, 39.878659786282185]
evaluate reward 72.0
185 [0 3 5 7 6 1 8] [56.57054490043315, 56.36660097658569, 40.469758651688174, 56.57890174843829, 41.91302338484608, 56.553367662271576, 56.461159153270025, 56.46585834155378, 56.29190210039783, 39.878659786282185]
evaluate reward 66.2
186 [0 3 5 7 6 1 8] [57.53349041038983, 57.34994087892712, 40.469758651688174, 57.54101157359446, 41.91302338484608, 57.51803089604442, 57.43504323794302, 57.43927250739841, 57.282711890358044, 39.878659786282185]
evaluate reward 77.0
187 [0 3 5 7 6 1 8] [59.48014136935085, 59.31494679103441, 40.469758651688174, 59.48691041623501, 41.91302338484608, 59.46622780643998, 59.39153891414872, 59.395345256658565, 59.25444070132224, 39.878659786282185]
evaluate reward 51.8
188 [0 3 5 7 6 1 8] [58.71212723241576, 58.56345211193097, 40.469758651688174, 58.71821937461151, 41.91302338484608, 58.69960502579598, 58.63238502273384, 58.63581073099271, 58.508996631190016, 39.878659786282185]
evaluate reward 70.6
189 [0 3 5 7 6 1 8] [59.900914509174186, 59.76710690073787, 40.469758651688174, 59.90639743715035, 41.91302338484608, 59.88964452321638, 59.829146520460455, 59.832229657893436, 59.718096968071016, 39.878659786282185]
evaluate reward 66.6
190 [0 3 5 7 6 1 8] [60.570823058256764, 60.45039621066408, 40.469758651688174, 60.57575769343532, 41.91302338484608, 60.56068007089475, 60.50623186841441, 60.509006692104094, 60.40628727126391, 39.878659786282185]
evaluate reward 83.0
191 [0 3 5 7 6 1 8] [62.81374075243109, 62.70535658959767, 40.469758651688174, 62.81818192409179, 41.91302338484608, 62.80461206380527, 62.755608681572966, 62.758106022893685, 62.66565854413752, 39.878659786282185]
evaluate reward 44.2
192 [0 3 5 7 6 1 8] [60.95236667718798, 60.854820930637906, 40.469758651688174, 60.95636373168261, 41.91302338484608, 60.944150857424745, 60.90004781341567, 60.90229542060432, 60.81909268972377, 39.878659786282185]
evaluate reward 72.6
193 [0 8 6 2 5 9 3] [62.117130009469186, 60.854820930637906, 43.682782786519354, 62.120727358514344, 41.91302338484608, 62.10973577168227, 62.0700430320741, 60.90229542060432, 61.99718342075139, 43.15079380765397]
evaluate reward 46.6
194 [0 1 8 5 9 3 4] [60.56541700852227, 59.429338837574115, 43.682782786519354, 60.56865462266291, 42.38172104636147, 60.55876219451404, 62.0700430320741, 60.90229542060432, 60.45746507867625, 43.49571442688857]
evaluate reward 115.2
195 [0 6 7 3 5 8 1] [66.02887530767003, 65.0064049538167, 43.682782786519354, 66.03178916039663, 42.38172104636147, 66.02288597506264, 67.3830387288667, 66.33206587854389, 65.93171857080863, 43.49571442688857]
evaluate reward 55.2
196 [0 2 7 9 3 8 6] [64.94598777690302, 65.0064049538167, 44.83450450786742, 64.94861024435697, 42.38172104636147, 66.02288597506264, 66.16473485598003, 65.2188592906895, 64.85854671372776, 44.66614298419971]
evaluate reward 45.6
197 [0 6 5 7 1 3 8] [63.01138899921272, 63.06576445843503, 44.83450450786742, 63.01374921992127, 42.38172104636147, 63.98059737755637, 64.10826137038202, 63.256973361620545, 62.93269204235499, 44.66614298419971]
evaluate reward 79.2
198 [0 6 5 7 1 3 8] [64.63025009929144, 64.67918801259152, 44.83450450786742, 64.63237429792915, 42.38172104636147, 65.50253763980074, 65.61743523334383, 64.85127602545849, 64.55942283811949, 44.66614298419971]
evaluate reward 40.2
199 [0 6 5 7 1 3 8] [62.1872250893623, 62.231269211332375, 44.83450450786742, 62.18913686813623, 42.38172104636147, 62.972283875820665, 63.075691710009444, 62.38614842291264, 62.12348055430754, 44.66614298419971]
worker_credit [62.1872250893623, 62.231269211332375, 44.83450450786742, 62.18913686813623, 42.38172104636147, 62.972283875820665, 63.075691710009444, 62.38614842291264, 62.12348055430754, 44.66614298419971]
sort credit num [6 5 7 1 3 0 8 2 9 4]

Process finished with exit code 0
