C:\ProgramData\Anaconda3\envs\pytorch\python.exe D:/RL/parallelRL/standard_MAB/discrete_a3c.py
evaluate reward 27.2
0 [0 8 1 4 6 7 5] [0.272, 0.272, 0, 0, 0.272, 0.272, 0.272, 0.272, 0.272, 0]
evaluate reward 18.2
1 [0 7 5 1 3 8 2] [0.45128, 0.45128, 0.182, 0.182, 0.272, 0.45128, 0.272, 0.45128, 0.45128, 0]
evaluate reward 27.6
2 [0 4 6 7 1 5 8] [0.7227672, 0.7227672, 0.182, 0.182, 0.54528, 0.7227672, 0.54528, 0.7227672, 0.7227672, 0]
evaluate reward 25.0
3 [0 6 4 2 3 7 1] [0.9655395280000001, 0.9655395280000001, 0.43018, 0.43018, 0.7898272, 0.7227672, 0.7898272, 0.9655395280000001, 0.7227672, 0]
evaluate reward 17.2
4 [0 1 9 2 3 8 7] [1.12788413272, 1.12788413272, 0.5978782, 0.5978782, 0.7898272, 0.7227672, 0.7898272, 1.12788413272, 0.887539528, 0.172]
evaluate reward 15.6
5 [0 2 1 5 7 4 3] [1.2726052913928, 1.2726052913928, 0.747899418, 0.747899418, 0.9379289279999999, 0.871539528, 0.7898272, 1.2726052913928, 0.887539528, 0.172]
evaluate reward 21.0
6 [0 1 4 7 2 6 3] [1.4698792384788721, 1.4698792384788721, 0.95042042382, 0.95042042382, 1.1385496387199998, 0.871539528, 0.9919289279999999, 1.4698792384788721, 0.887539528, 0.172]
evaluate reward 24.2
7 [0 9 6 8 3 4 7] [1.6971804460940834, 1.4698792384788721, 0.95042042382, 1.1829162195818, 1.3691641423327998, 0.871539528, 1.22400963872, 1.6971804460940834, 1.12066413272, 0.41228]
evaluate reward 15.2
8 [0 4 5 8 9 7 1] [1.8322086416331425, 1.6071804460940835, 0.95042042382, 1.1829162195818, 1.5074725009094718, 1.01482413272, 1.22400963872, 1.8322086416331425, 1.2614574913928, 0.5601572]
evaluate reward 18.8
9 [0 9 7 8 1 5 6] [2.001886555216811, 1.7791086416331428, 0.95042042382, 1.1829162195818, 1.5074725009094718, 1.1926758913928, 1.3997695423328, 2.001886555216811, 1.436842916478872, 0.7425556280000001]
evaluate reward 27.4
10 [0 5 6 1 7 2 4] [2.255867689664643, 2.0353175552168112, 1.2149162195818, 1.1829162195818, 1.766397775900377, 1.454749132478872, 1.659771846909472, 2.255867689664643, 1.436842916478872, 0.7425556280000001]
evaluate reward 15.2
11 [0 9 3 7 4 1 8] [2.385309012767997, 2.166964379664643, 1.2149162195818, 1.3230870573859819, 1.9007337981413732, 1.454749132478872, 1.659771846909472, 2.385309012767997, 1.5744744873140832, 0.8871300717200001]
evaluate reward 28.8
12 [0 2 3 7 9 6 8] [2.6494559226403167, 2.166964379664643, 1.490767057385982, 1.597856186812122, 1.9007337981413732, 1.454749132478872, 1.9311741284403774, 2.6494559226403167, 1.8467297424409423, 1.1662587710028]
evaluate reward 29.6
13 [0 6 3 7 1 2 4] [2.9189613634139135, 2.4412947358679964, 1.7718593868121222, 1.8778776249440008, 2.1777264601599597, 1.454749132478872, 2.2078623871559735, 2.9189613634139135, 1.8467297424409423, 1.1662587710028]
evaluate reward 36.6
14 [0 4 9 7 6 1 3] [3.2557717497797745, 2.7828817885093162, 1.7718593868121222, 2.225098848694561, 2.52194919555836, 1.454749132478872, 2.551783763284414, 3.2557717497797745, 1.8467297424409423, 1.5205961832927721]
evaluate reward 18.8
15 [0 5 2 7 4 1 8] [3.411214032281977, 2.943052970624223, 1.9421407929440009, 2.225098848694561, 2.6847297036027764, 1.6282016411540832, 2.551783763284414, 3.411214032281977, 2.0162624450165327, 1.5205961832927721]
evaluate reward 21.4
16 [0 3 8 4 6 5 9] [3.5911018919591573, 2.943052970624223, 1.9421407929440009, 2.416847860207615, 2.8718824065667485, 1.8259196247425424, 2.7402659256515696, 3.411214032281977, 2.2100998205663673, 1.7193902214598444]
evaluate reward 29.4
17 [0 6 8 7 1 2 9] [3.8491908730395656, 3.207622440917981, 2.216719385014561, 2.416847860207615, 2.8718824065667485, 1.8259196247425424, 3.0068632663950536, 3.671101891959157, 2.481998822360704, 1.996196319245246]
evaluate reward 24.8
18 [0 7 1 6 4 8 3] [4.05869896430917, 3.423546216508801, 2.216719385014561, 2.640679381605539, 3.091163582501081, 1.8259196247425424, 3.2247946337311033, 3.8823908730395655, 2.705178834137097, 1.996196319245246]
evaluate reward 32.4
19 [0 2 8 1 6 3 5] [4.342111974666079, 3.713310754343713, 2.5185521911644155, 2.9382725877894837, 3.091163582501081, 2.131660428495117, 3.5165466873937925, 3.8823908730395655, 3.0021270457957256, 1.996196319245246]
evaluate reward 36.8
20 [0 2 1 3 7 5 6] [4.666690854919418, 4.044177646800276, 2.8613666692527713, 3.276889861911589, 3.091163582501081, 2.4783438242101656, 3.8493812205198545, 4.21156696430917, 3.0021270457957256, 1.996196319245246]
evaluate reward 14.4
21 [0 9 2 1 7 4 6] [4.764023946370224, 4.147735870332273, 2.9767530025602436, 3.276889861911589, 3.20425194667607, 2.4783438242101656, 3.954887408314656, 4.313451294666078, 3.0021270457957256, 2.1202343560527934]
evaluate reward 32.6
22 [0 7 1 6 3 4 8] [5.042383706906522, 4.43225851162895, 2.9767530025602436, 3.570120963292473, 3.4982094272093094, 2.4783438242101656, 4.2413385342315095, 4.596316781719417, 3.2981057753377683, 2.1202343560527934]
evaluate reward 23.6
23 [0 2 5 8 6 4 1] [5.2279598698374565, 4.623935926512661, 3.182985472534641, 3.570120963292473, 3.699227332937216, 2.689560385968064, 4.434925148889194, 4.596316781719417, 3.5011247175843905, 2.1202343560527934]
evaluate reward 25.8
24 [0 1 7 6 4 3 8] [5.433680271139082, 4.835696567247534, 3.182985472534641, 3.7924197536595483, 3.920235059607844, 2.689560385968064, 4.648575897400302, 4.808353613902223, 3.724113470408547, 2.1202343560527934]
evaluate reward 23.8
25 [0 1 7 6 4 3 8] [5.617343468427691, 5.025339601575059, 3.182985472534641, 3.992495556122953, 4.1190327090117655, 2.689560385968064, 4.840090138426299, 4.9982700777632, 3.9248723357044613, 2.1202343560527934]
evaluate reward 21.6
26 [0 3 7 1 6 8 2] [5.777170033743414, 5.1910862055593086, 3.3671556178092947, 4.168570600561724, 4.1190327090117655, 2.689560385968064, 5.007689237042036, 5.164287376985568, 4.101623612347416, 2.1202343560527934]
evaluate reward 35.2
27 [0 3 6 4 8 5 2] [6.0713983334059805, 5.1910862055593086, 3.6854840616312017, 4.478884894556106, 4.429842381921648, 3.014664782108383, 5.309612344671615, 5.164287376985568, 4.412607376223942, 2.1202343560527934]
evaluate reward 19.4
28 [0 6 1 7 3 4 8] [6.20468435007192, 5.333175343503715, 3.6854840616312017, 4.628096045610545, 4.579543958102431, 3.014664782108383, 5.450516221224899, 5.306644503215712, 4.562481302461703, 2.1202343560527934]
evaluate reward 23.8
29 [0 8 7 4 2 1 6] [6.380637506571201, 5.5178435900686775, 3.8866292210148896, 4.628096045610545, 4.771748518521407, 3.014664782108383, 5.63401105901265, 5.491578058183555, 4.754856489437086, 2.1202343560527934]
evaluate reward 33.0
30 [0 4 3 5 7 9 1] [6.646831131505489, 5.792665154167991, 3.8866292210148896, 4.91181508515444, 5.054031033336193, 3.314518134287299, 5.63401105901265, 5.76666227760172, 4.754856489437086, 2.4290320124922653]
evaluate reward 30.8
31 [0 9 8 3 2 1 5] [6.888362820190434, 6.042738502626311, 4.155762928804741, 5.170696934302895, 5.054031033336193, 3.589372952944426, 5.63401105901265, 5.76666227760172, 5.015307924542715, 2.712741692367343]
evaluate reward 16.6
32 [0 2 8 4 1 9 3] [6.98547919198853, 6.1483111176000484, 4.280205299516694, 5.284989964959866, 5.169490723002831, 3.589372952944426, 5.63401105901265, 5.76666227760172, 5.131154845297288, 2.8516142754436693]
evaluate reward 37.8
33 [0 2 6 5 7 9 4] [7.293624400068644, 6.1483111176000484, 4.6154032465215264, 5.284989964959866, 5.495795815772802, 3.931479223414982, 5.955670948422523, 6.086995654825702, 5.131154845297288, 3.2010981326892325]
evaluate reward 36.4
34 [0 4 5 3 1 8 6] [7.5846881560679575, 6.450828006424048, 4.6154032465215264, 5.5961400653102675, 5.804837857615074, 4.256164431180832, 6.260114238938298, 6.086995654825702, 5.443843296844315, 3.2010981326892325]
evaluate reward 26.6
35 [0 1 6 4 3 9 5] [7.774841274507278, 6.652319726359808, 4.6154032465215264, 5.806178664657165, 6.012789479038924, 4.479602786869024, 6.463513096548915, 6.086995654825702, 5.443843296844315, 3.43508715136234]
evaluate reward 26.6
36 [0 3 1 8 6 5 9] [7.963092861762205, 6.85179652909621, 4.6154032465215264, 6.014116878010594, 6.012789479038924, 4.700806759000334, 6.664877965583426, 6.086995654825702, 5.655404863875871, 3.666736279848717]
evaluate reward 34.0
37 [0 1 5 8 2 3 7] [8.223461933144582, 7.123278563805248, 4.909249214056311, 6.293975709230487, 6.012789479038924, 4.993798691410331, 6.664877965583426, 6.366125698277445, 5.938850815237112, 3.666736279848717]
evaluate reward 31.2
38 [0 9 5 1 8 4 3] [8.453227313813137, 7.3640457781671955, 4.909249214056311, 6.543035952138182, 6.264661584248534, 5.255860704496228, 6.664877965583426, 6.366125698277445, 6.191462307084741, 3.94206891705023]
evaluate reward 30.2
39 [0 2 5 9 1 4 6] [8.670695040675007, 7.592405320385524, 5.162156721915748, 6.543035952138182, 6.504014968406049, 5.505302097451265, 6.900229185927592, 6.366125698277445, 6.191462307084741, 4.204648227879727]
evaluate reward 24.2
40 [0 1 6 3 4 7 8] [8.825988090268257, 7.7584812671816685, 5.162156721915748, 6.719605592616801, 6.680974818721989, 5.505302097451265, 7.073226894068316, 6.544464441294671, 6.371547684013894, 4.204648227879727]
evaluate reward 25.2
41 [0 6 8 9 4 7 2] [8.989728209365575, 7.7584812671816685, 5.362535154696591, 6.719605592616801, 6.866165070534769, 5.505302097451265, 7.254494625127633, 6.731019796881724, 6.559832207173755, 4.41460174560093]
evaluate reward 33.2
42 [0 1 6 4 7 3 8] [9.23183092727192, 8.012896454509852, 5.362535154696591, 6.984409536690633, 7.129503419829421, 5.505302097451265, 7.513949678876357, 6.995709598912907, 6.826233885102017, 4.41460174560093]
evaluate reward 37.2
43 [0 9 7 3 4 1 6] [9.511512617999202, 8.304767489964753, 5.362535154696591, 7.286565441323726, 7.4302083856311265, 5.505302097451265, 7.810810182087594, 7.297752502923777, 6.826233885102017, 4.74245572814492]
evaluate reward 33.0
44 [0 8 9 7 4 2 6] [9.74639749181921, 8.304767489964753, 5.638909803149625, 7.286565441323726, 7.685906301774815, 5.505302097451265, 8.062702080266718, 7.55477497789454, 7.087971546250997, 5.025031170863471]
evaluate reward 24.2
45 [0 1 6 4 7 3 8] [9.890933516901017, 8.463719815065106, 5.638909803149625, 7.455699786910489, 7.851047238757067, 5.505302097451265, 8.22407505946405, 7.721227228115595, 7.259091830788487, 5.025031170863471]
evaluate reward 34.8
46 [0 1 6 4 7 3 8] [10.140024181732006, 8.727082616914455, 5.638909803149625, 7.729142789041384, 8.120536766369495, 5.505302097451265, 8.48983430886941, 7.992014955834438, 7.534500912480602, 5.025031170863471]
evaluate reward 27.0
47 [0 3 5 2 9 4 1] [10.308623939914686, 8.90981179074531, 5.8525207051181285, 7.92185136115097, 8.309331398705801, 5.720249076476753, 8.48983430886941, 7.992014955834438, 7.534500912480602, 5.244780859154837]
evaluate reward 22.6
48 [0 9 3 5 4 2 6] [10.43153770051554, 8.90981179074531, 6.0199954980669474, 8.06863284753946, 8.452238084718743, 5.889046585711985, 8.630935965780717, 7.992014955834438, 7.534500912480602, 5.418333050563288]
evaluate reward 21.6
49 [0 8 3 4 5 2 7] [10.543222323510385, 8.90981179074531, 6.175795543086278, 8.203946519064065, 8.583715703871556, 6.0461561198548655, 8.630935965780717, 8.128094806276094, 7.675155903355796, 5.418333050563288]
evaluate reward 36.4
50 [0 4 7 2 3 5 8] [10.80179010027528, 8.90981179074531, 6.4780375876554155, 8.485907053873424, 8.861878546832841, 6.349694558656317, 8.630935965780717, 8.410813858213332, 7.962404344322238, 5.418333050563288]
evaluate reward 41.2
51 [0 9 5 7 4 8 1] [11.105772199272527, 9.232713672837857, 6.4780375876554155, 8.485907053873424, 9.185259761364513, 6.698197613069754, 8.630935965780717, 8.738705719631199, 8.294780300879015, 5.7761497200576555]
evaluate reward 33.2
52 [0 9 8 2 5 6 3] [11.326714477279802, 9.232713672837857, 6.745257211778862, 8.73304798333469, 9.185259761364513, 6.963215636939056, 8.87662660612291, 8.738705719631199, 8.543832497870225, 6.050388222857079]
evaluate reward 27.6
53 [0 8 9 1 2 7 5] [11.489447332507003, 9.416386536109478, 6.953804639661073, 8.73304798333469, 9.185259761364513, 7.169583480569665, 8.87662660612291, 8.927318662434887, 8.734394172891523, 6.265884340628508]
evaluate reward 22.4
54 [0 1 4 7 6 8 3] [11.598552859181934, 9.546222670748383, 6.953804639661073, 8.869717503501342, 9.317407163750868, 7.169583480569665, 9.01186034006168, 9.062045475810539, 8.871050231162608, 6.265884340628508]
evaluate reward 26.8
55 [0 1 4 7 6 8 3] [11.750567330590115, 9.7187604440409, 6.953804639661073, 9.049020328466328, 9.49223309211336, 7.169583480569665, 9.189741736661064, 9.239425021052433, 9.050339728850982, 6.265884340628508]
evaluate reward 37.8
56 [0 3 5 2 9 7 1] [12.011061657284214, 9.999572839600491, 7.262266593264463, 9.336530125181666, 9.49223309211336, 7.475887645763969, 9.189741736661064, 9.525030770841909, 9.050339728850982, 6.581225497222223]
evaluate reward 25.8
57 [0 4 5 3 9 2 1] [12.148951040711372, 10.157577111204485, 7.447643927331818, 9.50116482392985, 9.655310761192226, 7.659128769306329, 9.189741736661064, 9.525030770841909, 9.050339728850982, 6.773413242250001]
evaluate reward 29.8
58 [0 9 7 5 4 1 6] [12.325461530304258, 10.35400134009244, 7.447643927331818, 9.50116482392985, 9.856757653580303, 7.880537481613265, 9.395844319294454, 9.72778046313349, 9.050339728850982, 7.003679109827501]
evaluate reward 33.2
59 [0 8 5 1 9 3 4] [12.534206915001215, 10.582461326691515, 7.447643927331818, 9.73815317569055, 10.0901900770445, 8.133732106797133, 9.395844319294454, 9.72778046313349, 9.291836331562472, 7.265642318729226]
evaluate reward 30.4
60 [0 1 4 3 7 6 8] [12.712864845851204, 10.7806367134246, 7.447643927331818, 9.944771643933645, 10.293288176274055, 8.133732106797133, 9.60588587610151, 9.934502658502154, 9.502917968246846, 7.265642318729226]
evaluate reward 22.4
61 [0 7 4 1 8 2 9] [12.809736197392692, 10.896830346290354, 7.597167488058499, 9.944771643933645, 10.414355294511315, 8.133732106797133, 9.60588587610151, 10.059157631917133, 9.631888788564378, 7.416985895541933]
evaluate reward 29.2
62 [0 1 4 7 3 8 6] [12.973638835418765, 11.07986204282745, 7.597167488058499, 10.13732392749431, 10.602211741566203, 8.133732106797133, 9.801827017340495, 10.250566055597961, 9.827569900678734, 7.416985895541933]
evaluate reward 23.2
63 [0 6 8 5 1 2 3] [13.075902447064577, 11.201063422399177, 7.753195813177914, 10.267950688219367, 10.602211741566203, 8.284394785729162, 9.935808747167089, 10.250566055597961, 9.961294201671947, 7.416985895541933]
evaluate reward 34.4
64 [0 5 6 7 3 2 4] [13.28914342259393, 11.201063422399177, 8.019663855046135, 10.509271181337173, 10.840189624150542, 8.54555083787187, 10.180450659695419, 10.492060395041982, 9.961294201671947, 7.416985895541933]
evaluate reward 40.0
65 [0 1 4 3 7 6 8] [13.556251988367992, 11.489052788175185, 8.019663855046135, 10.804178469523801, 11.131787727909035, 8.54555083787187, 10.478646153098465, 10.787139791091562, 10.261681259655228, 7.416985895541933]
evaluate reward 28.8
66 [0 7 4 8 9 5 2] [13.708689468484312, 11.489052788175185, 8.227467216495674, 10.804178469523801, 11.308469850629946, 8.748095329493152, 10.478646153098465, 10.967268393180646, 10.447064447058676, 7.6308160365865145]
evaluate reward 21.8
67 [0 5 8 6 2 3 1] [13.789602573799469, 11.592162260293433, 8.363192544330717, 10.914136684828563, 11.308469850629946, 8.87861437619822, 10.59185969156748, 10.967268393180646, 10.56059380258809, 7.6308160365865145]
evaluate reward 33.0
68 [0 8 9 4 2 6 5] [13.981706548061474, 11.592162260293433, 8.60956061888741, 10.914136684828563, 11.525385152123647, 9.119828232436237, 10.815941094651805, 10.967268393180646, 10.784987864562208, 7.884507876220649]
evaluate reward 28.4
69 [0 8 6 2 4 9 3] [14.12588948258086, 11.592162260293433, 8.807465012698536, 11.088995317980277, 11.694131300602411, 9.119828232436237, 10.991781683705288, 10.967268393180646, 10.961137985916587, 8.089662797458443]
evaluate reward 37.4
70 [0 6 8 7 9 1 4] [14.358630587755052, 11.850240637690499, 8.807465012698536, 11.088995317980277, 11.951189987596386, 9.119828232436237, 11.255863866868234, 11.23159570924884, 11.225526606057421, 8.382766169483858]
evaluate reward 26.0
71 [0 4 1 6 7 8 3] [14.475044281877501, 11.991738231313594, 8.807465012698536, 11.238105364800475, 12.091678087720423, 9.119828232436237, 11.403305228199551, 11.379279752156352, 11.373271339996847, 8.382766169483858]
evaluate reward 16.4
72 [0 8 4 1 3 9 5] [14.494293839058725, 12.035820849000459, 8.807465012698536, 11.28972431115247, 12.134761306843219, 9.192629950111876, 11.403305228199551, 11.379279752156352, 11.423538626596878, 8.46293850778902]
evaluate reward 29.4
73 [0 4 1 8 6 7 3] [14.643350900668139, 12.209462640510454, 8.807465012698536, 11.470827068040945, 12.307413693774786, 9.192629950111876, 11.583272175917555, 11.559486954634789, 11.60330324033091, 8.46293850778902]
evaluate reward 32.2
74 [0 4 1 8 6 7 3] [14.818917391661458, 12.409368014105349, 8.807465012698536, 11.678118797360536, 12.506339556837037, 9.192629950111876, 11.78943945415838, 11.76589208508844, 11.8092702079276, 8.46293850778902]
evaluate reward 23.2
75 [0 4 1 8 6 7 3] [14.902728217744844, 12.517274333964295, 8.807465012698536, 11.793337609386931, 12.613276161268667, 9.192629950111876, 11.903545059616796, 11.880233164237556, 11.923177505848324, 8.46293850778902]
evaluate reward 37.4
76 [0 7 6 4 3 1 5] [15.127700935567395, 12.766101590624652, 8.807465012698536, 12.049404233293062, 12.86114339965598, 9.474703650610756, 12.158509609020628, 12.13543083259518, 11.923177505848324, 8.46293850778902]
evaluate reward 37.2
77 [0 4 1 6 7 3 8] [15.348423926211721, 13.010440574718405, 8.807465012698536, 12.300910190960131, 13.10453196565942, 9.474703650610756, 12.408924512930422, 12.386076524269228, 12.175945730789842, 8.46293850778902]
evaluate reward 42.8
78 [0 4 1 6 7 3 8] [15.622939686949604, 13.308336168971222, 8.807465012698536, 12.60590108905053, 13.401486646002827, 9.474703650610756, 12.712835267801118, 12.690215759026536, 12.482186273481943, 8.46293850778902]
evaluate reward 29.6
79 [0 4 1 6 7 3 8] [15.762710290080108, 13.471252807281509, 8.807465012698536, 12.775842078160025, 13.563471779542798, 9.474703650610756, 12.881706915123107, 12.85931360143627, 12.653364410747123, 8.46293850778902]
evaluate reward 32.0
80 [0 4 1 6 7 3 8] [15.925083187179307, 13.656540279208693, 8.807465012698536, 12.968083657378425, 13.74783706174737, 9.474703650610756, 13.072889845971876, 13.050720465421907, 12.846830766639652, 8.46293850778902]
evaluate reward 30.4
81 [0 4 1 6 7 3 8] [16.069832355307515, 13.823974876416607, 8.807465012698536, 13.14240282080464, 13.914358691129896, 9.474703650610756, 13.246160947512157, 13.224213260767689, 13.022362458973255, 8.46293850778902]
evaluate reward 34.4
82 [0 3 1 6 9 5 8] [16.25313403175444, 14.02973512765244, 8.807465012698536, 13.354978792596594, 13.914358691129896, 9.72395661410465, 13.457699338037036, 13.224213260767689, 13.236138834383523, 8.72230912271113]
evaluate reward 22.4
83 [0 1 4 6 3 8 7] [16.314602691436892, 14.113437776375916, 8.807465012698536, 13.445429004670627, 13.999215104218598, 9.72395661410465, 13.547122344656666, 13.315971128160012, 13.327777446039688, 8.72230912271113]
evaluate reward 46.6
84 [0 1 5 7 2 9 6] [16.617456664522525, 14.438303398612156, 9.185390362571551, 13.445429004670627, 13.999215104218598, 10.092717047963603, 13.8776511212101, 13.648811416878411, 13.327777446039688, 9.101086031484018]
evaluate reward 29.6
85 [0 1 4 6 7 3 8] [16.7472820978773, 14.589920364626035, 9.185390362571551, 13.60697471462392, 14.15522295317641, 10.092717047963603, 14.034874609997999, 13.808323302709628, 13.490499671579292, 9.101086031484018]
evaluate reward 34.6
86 [0 8 1 6 9 4 3] [16.925809276898526, 14.790021160979775, 9.185390362571551, 13.816904967477681, 14.359670723644646, 10.092717047963603, 14.24052586389802, 13.808323302709628, 13.701594674863498, 9.356075171169177]
evaluate reward 26.4
87 [0 4 5 1 8 9 3] [17.02055118412954, 14.906120949369978, 9.185390362571551, 13.942735917802905, 14.4800740164082, 10.255789877483966, 14.24052586389802, 13.808323302709628, 13.828578728114863, 9.526514419457486]
evaluate reward 35.8
88 [0 3 2 4 1 6 5] [17.208345672288246, 15.115059739876278, 9.451536458945835, 14.161308558624876, 14.693273276244117, 10.511231978709127, 14.45612060525904, 13.808323302709628, 13.828578728114863, 9.526514419457486]
evaluate reward 29.0
89 [0 7 4 8 9 3 1] [17.326262215565364, 15.253909142477514, 9.451536458945835, 14.309695473038627, 14.836340543481676, 10.511231978709127, 14.45612060525904, 13.96024006968253, 13.980292940833714, 9.721249275262911]
evaluate reward 29.2
90 [0 6 2 9 4 1 5] [17.44499959340971, 15.39337005105274, 9.649021094356376, 14.309695473038627, 14.97997713804686, 10.698119658922035, 14.60355939920645, 13.96024006968253, 13.980292940833714, 9.916036782510282]
evaluate reward 55.6
91 [0 1 4 6 3 8 7] [17.826549597475616, 15.795436350542213, 9.649021094356376, 14.72259851830824, 15.386177366666391, 10.698119658922035, 15.013523805214385, 14.376637668985705, 14.396490011425376, 9.916036782510282]
evaluate reward 26.0
92 [0 2 6 3 9 4 8] [17.90828410150086, 15.795436350542213, 9.812530883412812, 14.835372533125158, 15.492315592999727, 10.698119658922035, 15.123388567162241, 14.376637668985705, 14.512525111311122, 10.076876414685179]
evaluate reward 36.4
93 [0 1 4 6 3 8 7] [18.093201260485852, 16.00148198703679, 9.812530883412812, 15.051018807793906, 15.70139243706973, 10.698119658922035, 15.336154681490619, 14.596871292295848, 14.73139986019801, 10.076876414685179]
evaluate reward 47.2
94 [0 8 4 1 5 9 7] [18.384269247880994, 16.313467167166422, 9.812530883412812, 15.051018807793906, 16.01637851269903, 11.063138462332814, 15.336154681490619, 14.92290257937289, 15.05608586159603, 10.448107650538327]
evaluate reward 50.6
95 [0 1 4 6 8 3 7] [18.706426555402185, 16.65633249549476, 9.812530883412812, 15.406508619715966, 16.36221472757204, 11.063138462332814, 15.688793134675713, 15.27967355357916, 15.411525002980069, 10.448107650538327]
evaluate reward 31.4
96 [0 3 6 8 9 1 4] [18.833362289848164, 16.803769170539812, 9.812530883412812, 15.566443533518807, 16.51259258029632, 11.063138462332814, 15.845905203328956, 15.27967355357916, 15.571409752950268, 10.657626574032944]
evaluate reward 32.6
97 [0 8 6 2 7 4 1] [18.97102866694968, 16.961731478834416, 10.040405574578683, 15.566443533518807, 16.673466654493357, 11.063138462332814, 16.013446151295668, 15.452876818043368, 15.741695655420767, 10.657626574032944]
evaluate reward 35.0
98 [0 1 4 6 8 3 7] [19.131318380280184, 17.14211416404607, 10.040405574578683, 15.760779098183619, 16.85673198794842, 11.063138462332814, 16.203311689782712, 15.648348049862934, 15.934278698866558, 10.657626574032944]
evaluate reward 34.6
99 [0 3 9 7 6 1 8] [19.286005196477383, 17.31669302240561, 10.040405574578683, 15.949171307201782, 16.85673198794842, 11.063138462332814, 16.387278572884885, 15.837864569364305, 16.120935911877893, 10.897050308292615]
evaluate reward 44.0
100 [0 1 4 6 8 3 7] [19.53314514451261, 17.583526092181554, 10.040405574578683, 16.229679594129763, 17.128164668068937, 11.063138462332814, 16.663405787156037, 16.119485923670663, 16.399726552759116, 10.897050308292615]
evaluate reward 58.4
101 [0 1 4 6 8 3 7] [19.921813693067485, 17.99169083125974, 10.040405574578683, 16.651382798188465, 17.540883021388247, 11.063138462332814, 17.08077172928448, 16.542291064433957, 16.819729287231524, 10.897050308292615]
evaluate reward 34.8
102 [0 5 8 9 1 6 4] [20.07059555613681, 18.159773922947142, 10.040405574578683, 16.651382798188465, 17.713474191174363, 11.300507077709486, 17.257964011991632, 16.542291064433957, 16.99953199435921, 11.136079805209688]
evaluate reward 40.8
103 [0 1 4 6 8 3 7] [20.277889600575442, 18.38617618371767, 10.040405574578683, 16.892868970206578, 17.94433944926262, 11.300507077709486, 17.493384371871716, 16.784868153789617, 17.23753667441562, 11.136079805209688]
evaluate reward 41.2
104 [0 1 4 6 8 3 7] [20.487110704569687, 18.614314421880493, 10.040405574578683, 17.135940280504514, 18.176896054769994, 11.300507077709486, 17.730450528153, 17.029019472251722, 17.477161307671462, 11.136079805209688]
evaluate reward 52.4
105 [0 2 3 8 7 4 1] [20.80623959752399, 18.952171277661687, 10.464001518832896, 17.48858087769947, 18.519127094222295, 11.300507077709486, 17.730450528153, 17.382729277529204, 17.82638969459475, 11.136079805209688]
evaluate reward 34.0
106 [0 1 4 8 6 3 7] [20.93817720154875, 19.10264956488507, 10.464001518832896, 17.653695068922474, 18.673935823280072, 11.300507077709486, 17.89314602287147, 17.54890198475391, 17.988125797648802, 11.136079805209688]
evaluate reward 43.2
107 [0 8 4 2 7 1 9] [21.160795429533263, 19.34362306923622, 10.791361503644568, 17.653695068922474, 18.91919646504727, 11.300507077709486, 17.89314602287147, 17.80541296490637, 18.240244539672315, 11.456719007157592]
evaluate reward 52.6
108 [0 1 4 8 6 7 3] [21.47518747523793, 19.676186838543856, 10.791361503644568, 18.003158118233248, 19.2560045003968, 11.300507077709486, 18.240214562642755, 18.153358835257308, 18.583842094275592, 11.456719007157592]
evaluate reward 42.4
109 [0 9 7 4 1 2 3] [21.68443560048555, 19.90342497015842, 11.107447888608123, 18.247126537050917, 19.48744445539283, 11.300507077709486, 18.240214562642755, 18.395825246904735, 18.583842094275592, 11.766151817086016]
evaluate reward 42.4
110 [0 1 4 8 7 3 6] [21.891591244480693, 20.128390720456835, 11.107447888608123, 18.488655271680408, 19.7165700108389, 11.300507077709486, 18.48181241701633, 18.635866994435688, 18.822003673332837, 11.766151817086016]
evaluate reward 53.8
111 [0 1 4 8 7 3 6] [22.210675332035887, 20.465106813252266, 11.107447888608123, 18.841768718963603, 20.05740431073051, 11.300507077709486, 18.834994292846165, 18.98750832449133, 19.171783636599507, 11.766151817086016]
evaluate reward 51.2
112 [0 1 4 8 7 3 6] [22.500568578715527, 20.772455745119743, 11.107447888608123, 19.165351031773966, 20.368830267623206, 11.300507077709486, 19.158644349917704, 19.309633241246416, 19.49206580023351, 11.766151817086016]
evaluate reward 53.6
113 [0 7 5 3 2 6 8] [22.81156289292837, 20.772455745119743, 11.532373409722041, 19.509697521456225, 20.368830267623206, 11.723502006932392, 19.503057906418526, 19.65253690883395, 19.833145142231178, 11.766151817086016]
evaluate reward 35.0
114 [0 1 4 8 7 3 6] [22.93344726399909, 20.914731187668544, 11.532373409722041, 19.66460054624166, 20.515141964946974, 11.723502006932392, 19.65802732735434, 19.80601153974561, 19.984813690808867, 11.766151817086016]
evaluate reward 49.4
115 [0 2 9 1 8 6 7] [23.198112791359097, 21.19958387579186, 11.91104967562482, 19.66460054624166, 20.515141964946974, 11.723502006932392, 19.955447054080796, 20.101951424348155, 20.27896555390078, 12.142490298915156]
evaluate reward 69.0
116 [0 1 4 8 7 6 3] [23.656131663445507, 21.677588037033942, 11.91104967562482, 20.157954540779244, 20.999990545297504, 11.723502006932392, 20.445892583539987, 20.590931910104672, 20.76617589836177, 12.142490298915156]
evaluate reward 57.4
117 [0 6 3 2 7 1 9] [23.99357034681105, 22.0348121566636, 12.365939178868572, 20.530374995371453, 20.999990545297504, 11.723502006932392, 20.815433657704588, 20.959022591003624, 20.76617589836177, 12.595065395926005]
evaluate reward 44.2
118 [0 1 4 7 6 8 3] [24.19563464334294, 22.256464035096965, 12.365939178868572, 20.76707124541774, 21.23199063984453, 11.723502006932392, 21.049279321127543, 21.191432365093586, 21.00051413937815, 12.595065395926005]
evaluate reward 43.0
119 [0 1 7 8 6 2 5] [24.383678296909512, 22.463899394745994, 12.672279787079887, 20.76707124541774, 21.23199063984453, 12.036266986863069, 21.268786527916266, 21.40951804144265, 21.220508997984368, 12.595065395926005]
evaluate reward 42.6
120 [0 1 7 6 4 8 3] [24.565841513940416, 22.665260400798534, 12.672279787079887, 20.985400532963563, 21.445670733446082, 12.036266986863069, 21.482098662637103, 21.621422861028222, 21.434303908004523, 12.595065395926005]
evaluate reward 69.6
121 [0 1 8 7 2 4 3] [25.01618309880101, 23.134607796790547, 13.241556989209089, 21.471546527633926, 21.92721402611162, 12.036266986863069, 21.482098662637103, 22.10120863241794, 21.91596086892448, 12.595065395926005]
evaluate reward 54.8
122 [0 1 7 4 8 6 3] [25.314021267813, 23.451261718822643, 13.241556989209089, 21.804831062357586, 22.255941885850504, 12.036266986863069, 21.815277676010734, 22.428196546093762, 22.244801260235235, 12.595065395926005]
evaluate reward 35.4
123 [0 1 7 4 8 6 3] [25.41488105513487, 23.570749101634416, 13.241556989209089, 21.94078275173401, 22.387382466991998, 12.036266986863069, 21.951124899250626, 22.557914580632826, 22.37635324763288, 12.595065395926005]
evaluate reward 62.2
124 [0 1 7 4 8 6 3] [25.78273224458352, 23.95704161061807, 13.241556989209089, 22.34337492421667, 22.78550864232208, 12.036266986863069, 22.35361365025812, 22.954335434826497, 22.77458971515655, 12.595065395926005]
evaluate reward 52.2
125 [0 8 2 3 9 1 4] [26.046904922137685, 24.23947119451189, 13.631141419316998, 22.6419411749745, 23.079653555898858, 12.036266986863069, 22.35361365025812, 22.954335434826497, 23.068843818004986, 12.991114741966745]
evaluate reward 68.6
126 [0 1 4 8 7 3 6] [26.472435872916307, 24.68307648256677, 13.631141419316998, 23.101521763224756, 23.53485702033987, 12.036266986863069, 22.816077513755538, 23.41079208047823, 23.524155379824936, 12.991114741966745]
evaluate reward 46.0
127 [0 1 4 8 7 3 6] [26.667711514187143, 24.896245717741103, 13.631141419316998, 23.33050654559251, 23.759508450136472, 12.036266986863069, 23.04791673861798, 23.63668415967345, 23.748913826026687, 12.991114741966745]
evaluate reward 77.4
128 [0 1 4 8 7 3 6] [27.175034399045273, 25.42128326056369, 13.631141419316998, 23.871201480136584, 24.29591336563511, 12.036266986863069, 23.5914375712318, 24.174317318076717, 24.28542468776642, 12.991114741966745]
evaluate reward 42.0
129 [0 8 4 3 5 1 6] [27.32328405505482, 25.587070427958054, 13.631141419316998, 24.052489465335217, 24.472954231978758, 12.335904316994439, 23.775523195519483, 24.174317318076717, 24.462570440888754, 12.991114741966745]
evaluate reward 88.0
130 [0 5 6 3 2 8 4] [27.93005121450427, 25.587070427958054, 14.374830005123828, 24.691964570681865, 25.10822468965897, 13.092545273824495, 24.417767963564287, 24.174317318076717, 25.097944736479867, 12.991114741966745]
evaluate reward 84.4
131 [0 5 4 8 2 6 3] [28.494750702359227, 25.587070427958054, 15.07508170507259, 25.289044924975045, 25.701142442762382, 13.80561982108625, 25.017590283928644, 24.174317318076717, 25.69096528911507, 12.991114741966745]
evaluate reward 48.2
132 [0 7 3 8 6 2 9] [28.691803195335634, 25.587070427958054, 15.406330888021865, 25.518154475725293, 25.701142442762382, 13.80561982108625, 25.24941438108936, 24.41457414489595, 25.91605563622392, 13.343203594547077]
evaluate reward 61.2
133 [0 8 4 1 3 6 7] [29.016885163382277, 25.94319972367847, 15.406330888021865, 25.87497293096804, 26.05613101833476, 13.80561982108625, 25.608920237278465, 24.782428403446993, 26.268895079861682, 13.343203594547077]
evaluate reward 46.8
134 [0 8 4 1 3 6 7] [29.194716311748454, 26.151767726441687, 15.406330888021865, 26.084223201658357, 26.26356970815141, 13.80561982108625, 25.82083103490568, 25.002604119412524, 26.474206129063067, 13.343203594547077]
evaluate reward 39.8
135 [0 4 9 3 2 1 8] [29.30076914863097, 26.288250049177268, 15.650267579141646, 26.221380969641775, 26.398934011069898, 13.80561982108625, 25.82083103490568, 25.002604119412524, 26.607464067772437, 13.607771558601607]
evaluate reward 100.2
136 [0 8 4 1 3 6 7] [30.00976145714466, 27.027367548685497, 15.650267579141646, 26.961167159945358, 27.1369446709592, 13.80561982108625, 26.564622724556624, 25.754578078218398, 27.343389427094714, 13.607771558601607]
evaluate reward 60.6
137 [0 8 4 1 3 6 7] [30.315663842573212, 27.363093873198643, 15.650267579141646, 27.297555488345903, 27.47157522424961, 13.80561982108625, 26.904976497311058, 26.103032297436215, 27.675955532823767, 13.607771558601607]
evaluate reward 60.2
138 [0 9 5 4 8 6 2] [30.61450720414748, 27.363093873198643, 16.09576490335023, 27.297555488345903, 27.798859472007113, 14.269563622875387, 27.237926732337947, 26.103032297436215, 28.00119597749553, 14.073693843015592]
evaluate reward 63.4
139 [0 8 4 1 3 6 7] [30.942362132106005, 27.723462934466657, 16.09576490335023, 27.658579933462445, 28.154870877287042, 14.269563622875387, 27.599547465014567, 26.47600197446185, 28.355184017720575, 14.073693843015592]
evaluate reward 57.0
140 [0 5 8 7 4 2 3] [31.202938510784946, 27.723462934466657, 16.504807254316727, 27.95199413412782, 28.44332216851417, 14.696867986646632, 27.599547465014567, 26.781241954717235, 28.641632177543368, 14.073693843015592]
evaluate reward 75.6
141 [0 8 4 3 1 6 7] [31.646909125677098, 28.20222830512199, 16.504807254316727, 28.428474192786542, 28.91488894682903, 14.696867986646632, 28.079551990364422, 27.26942953517006, 29.111215855767934, 14.073693843015592]
evaluate reward 77.4
142 [0 9 3 5 6 8 1] [32.10444003442033, 28.694206022070773, 16.504807254316727, 28.918189450858677, 28.91488894682903, 15.323899306780167, 28.572756470460778, 27.26942953517006, 29.594103697210254, 14.706956904585436]
evaluate reward 40.4
143 [0 4 1 7 3 6 2] [32.187395634076125, 28.811263961850067, 16.74375918177356, 29.03300755635009, 29.02974005736074, 15.323899306780167, 28.69102890575617, 27.40073523981836, 29.594103697210254, 14.706956904585436]
evaluate reward 83.4
144 [0 8 3 4 1 6 7] [32.69952167773536, 29.357151322231566, 16.74375918177356, 29.57667748078659, 29.573442656787133, 15.323899306780167, 29.238118616698607, 27.960727887420177, 30.13216266023815, 14.706956904585436]
evaluate reward 30.4
145 [0 8 3 4 1 6 7] [32.67652646095801, 29.36757980900925, 16.74375918177356, 29.584910705978725, 29.581708230219263, 15.323899306780167, 29.24973743053162, 27.985120608545976, 30.13484103363577, 14.706956904585436]
evaluate reward 127.4
146 [0 8 3 4 1 6 7] [33.623761196348426, 30.34790401091916, 16.74375918177356, 30.56306159891894, 30.55989114791707, 15.323899306780167, 30.231240056226305, 28.979269402460517, 31.10749262329941, 14.706956904585436]
evaluate reward 82.0
147 [0 2 1 3 9 8 6] [34.10752358438494, 30.864424970809967, 17.39632158995582, 31.077430982929748, 30.55989114791707, 15.323899306780167, 30.74892765566404, 28.979269402460517, 31.616417697066417, 15.379887335539582]
evaluate reward 87.0
148 [0 8 3 1 6 4 7] [34.636448348541094, 31.425780721101866, 17.39632158995582, 31.63665667310045, 31.1242922364379, 15.323899306780167, 31.3114383791074, 29.559476708435913, 32.170253520095756, 15.379887335539582]
evaluate reward 74.6
149 [0 8 3 1 6 4 7] [35.03608386505568, 31.857522913890847, 17.39632158995582, 32.06629010636944, 31.55904931407352, 15.323899306780167, 31.744323995316325, 30.009881941351555, 32.594550984894795, 15.379887335539582]
evaluate reward 99.0
150 [0 5 2 1 4 9 7] [35.67572302640512, 32.52894768475194, 18.212358374056265, 32.06629010636944, 32.23345882093278, 16.160660313712366, 31.744323995316325, 30.69978312193804, 32.594550984894795, 16.216088462184185]
evaluate reward 74.2
151 [0 7 2 6 4 9 1] [36.06096579614107, 32.94565820790442, 18.772234790315704, 32.06629010636944, 32.65312423272346, 16.160660313712366, 32.16888075536316, 31.13478529071866, 32.594550984894795, 16.795927577562342]
evaluate reward 74.0
152 [0 1 4 8 6 3 7] [36.44035613817966, 33.35620162582538, 18.772234790315704, 32.48562720530575, 33.066592990396224, 16.160660313712366, 32.58719194780953, 31.563437437811473, 33.00860547504585, 16.795927577562342]
evaluate reward 52.2
153 [0 1 4 8 6 3 7] [36.597952576797866, 33.54463960956713, 18.772234790315704, 32.68277093325269, 33.257927060492264, 16.160660313712366, 32.78332002833143, 31.769803063433358, 33.200519420295386, 16.795927577562342]
evaluate reward 80.6
154 [0 1 4 8 6 3 7] [37.03797305102989, 34.015193213471456, 18.772234790315704, 33.16194322392016, 33.731347789887344, 16.160660313712366, 33.26148682804812, 32.25810503279902, 33.674514226092434, 16.795927577562342]
evaluate reward 103.6
155 [0 1 4 8 6 3 7] [37.70359332051959, 34.71104128133674, 18.772234790315704, 33.86632379168096, 34.43003431198847, 16.160660313712366, 33.96487195976764, 32.971523982471034, 34.37376908383151, 16.795927577562342]
evaluate reward 72.6
156 [0 3 5 2 7 4 9] [38.052557387314394, 34.71104128133674, 19.310512442412545, 34.25366055376415, 34.81173396886859, 16.725053710575242, 33.96487195976764, 33.367808742646325, 34.37376908383151, 17.35396830178672]
evaluate reward 115.6
157 [0 4 1 8 3 6 7] [38.82803181344125, 35.519930868523375, 19.310512442412545, 35.06712394822651, 35.6196166291799, 16.725053710575242, 34.781223240169965, 34.19013065521986, 35.18603139299319, 17.35396830178672]
evaluate reward 50.6
158 [0 4 1 8 3 6 7] [38.94575149530684, 35.67073155983814, 19.310512442412545, 35.22245270874424, 35.7694204628881, 16.725053710575242, 34.939411007768264, 34.35422934866766, 35.34017107906326, 17.35396830178672]
evaluate reward 116.6
159 [0 4 1 8 3 6 7] [39.72229398035377, 36.48002424423976, 19.310512442412545, 36.0362281816568, 36.57772625825922, 16.725053710575242, 35.75601689769058, 35.176687055180984, 36.15276936827263, 17.35396830178672]
evaluate reward 105.0
160 [0 4 1 8 3 6 7] [40.37507104055023, 37.16522400179736, 19.310512442412545, 36.72586589984024, 37.261948995676626, 16.725053710575242, 36.44845672871367, 35.874920184629175, 36.8412416745899, 17.35396830178672]
evaluate reward 97.8
161 [0 4 1 8 3 6 7] [40.94932033014473, 37.77157176177939, 19.310512442412545, 37.336607240841836, 37.86732950571986, 16.725053710575242, 37.06197216142654, 36.49417098278288, 37.450829257844006, 17.35396830178672]
evaluate reward 109.2
162 [0 4 1 8 3 6 7] [41.631827126843284, 38.4858560441616, 19.310512442412545, 38.05524116843342, 38.58065621066266, 16.725053710575242, 37.783352439812276, 37.22122927295506, 38.168320965265565, 17.35396830178672]
evaluate reward 45.2
163 [0 4 1 8 3 6 7] [41.66750885557485, 38.552997483719984, 19.310512442412545, 38.12668875674908, 38.646849648556035, 16.725053710575242, 37.857518915414154, 37.301016980225505, 38.238637755612906, 17.35396830178672]
evaluate reward 87.4
164 [0 6 4 7 2 5 8] [42.124833767019105, 38.552997483719984, 19.99140731798842, 38.12668875674908, 39.134381152070475, 17.43180317346949, 38.352943726260015, 37.80200681042325, 38.73025137805678, 17.35396830178672]
evaluate reward 76.0
165 [0 4 8 1 6 3 7] [42.46358542934891, 38.927467508882785, 19.99140731798842, 38.50542186918159, 39.50303734054977, 17.43180317346949, 38.72941428899742, 38.18398674231902, 39.10294886427621, 17.35396830178672]
evaluate reward 97.4
166 [0 5 7 6 3 9 4] [43.01294957505542, 38.927467508882785, 19.99140731798842, 39.09436765048977, 40.08200696714427, 18.231485141734794, 39.316120146107444, 38.77614687489583, 39.10294886427621, 18.15442861876885]
evaluate reward 80.6
167 [0 4 6 8 3 1 7] [43.38882007930487, 39.344192833793954, 19.99140731798842, 39.50942397398487, 40.487186897472824, 18.231485141734794, 39.72895894464637, 39.19438540614687, 39.51791937563345, 18.15442861876885]
evaluate reward 59.6
168 [0 4 6 8 3 1 7] [43.550931878511825, 39.546750905456015, 19.99140731798842, 39.71032973424502, 40.6783150284981, 18.231485141734794, 39.92766935519991, 39.3984415520854, 39.71874018187711, 18.15442861876885]
evaluate reward 133.2
169 [0 4 6 8 3 1 7] [44.447422559726704, 40.483283396401454, 19.99140731798842, 40.64522643690257, 41.60353187821312, 18.231485141734794, 40.860392661647914, 40.33645713656455, 40.65355278005834, 18.15442861876885]
evaluate reward 125.4
170 [0 4 6 8 3 1 7] [45.25694833412944, 41.33245056243744, 19.99140731798842, 41.492774172533544, 42.44149655943099, 18.231485141734794, 41.70578873503143, 41.1870925651989, 41.50101725225776, 18.15442861876885]
evaluate reward 166.0
171 [0 4 6 8 3 1 7] [46.464378850788144, 42.57912605681306, 19.99140731798842, 42.73784643080821, 43.677081593836675, 18.231485141734794, 42.94873084768112, 42.43522163954692, 42.746007079735186, 18.15442861876885]
evaluate reward 101.0
172 [0 4 6 8 3 1 7] [47.009735062280264, 43.16333479624493, 19.99140731798842, 43.32046796650013, 44.25031077789831, 18.231485141734794, 43.52924353920431, 43.020869423151446, 43.32854700893783, 18.15442861876885]
evaluate reward 93.6
173 [0 4 2 3 1 8 7] [47.47563771165746, 43.667701448282486, 20.727493244808535, 43.82326328683513, 44.743807670119324, 18.231485141734794, 43.52924353920431, 43.52666072891993, 43.83126153884845, 18.15442861876885]
evaluate reward 62.4
174 [0 4 8 3 1 6 7] [47.62488133454089, 43.85502443379966, 20.727493244808535, 44.009030653966775, 44.92036959341813, 18.231485141734794, 43.71795110381227, 43.71539412163073, 44.016948923459964, 18.15442861876885]
evaluate reward 149.2
175 [0 2 7 3 1 5 8] [48.64063252119548, 44.908474189461664, 22.01221831236045, 45.060940347427106, 44.92036959341813, 19.541170290317446, 43.71795110381227, 44.770240180414426, 45.06877943422536, 18.15442861876885]
evaluate reward 116.6
176 [0 7 6 1 3 9 2] [49.32022619598352, 45.625389447567045, 22.958096129236846, 45.776330943952836, 44.92036959341813, 19.541170290317446, 44.44677159277415, 45.48853777861028, 45.06877943422536, 19.138884332581164]
evaluate reward 138.0
177 [0 8 2 7 6 1 4] [50.20702393402369, 46.549135553091375, 24.10851516794448, 45.776330943952836, 45.85116589748395, 19.541170290317446, 45.38230387684641, 46.413652400824176, 45.99809163988311, 19.138884332581164]
evaluate reward 85.0
178 [0 1 7 8 4 3 6] [50.55495369468345, 46.93364419756046, 24.10851516794448, 46.16856763451331, 46.24265423850911, 19.541170290317446, 45.77848083807795, 46.79951587681593, 46.388110723484274, 19.138884332581164]
evaluate reward 123.2
179 [0 5 2 6 8 4 1] [51.28140415773662, 47.696307755584854, 25.099430016265035, 46.16856763451331, 47.01222769612402, 20.577758587414273, 46.55269602969717, 46.79951587681593, 47.15622961624943, 19.138884332581164]
evaluate reward 98.8
180 [0 1 8 4 7 6 3] [51.75659011615925, 48.207344678029, 25.099430016265035, 46.694881958168175, 47.53010541916278, 20.577758587414273, 47.0751690694002, 47.31952071804777, 47.67266732008694, 19.138884332581164]
evaluate reward 113.8
181 [0 1 8 4 7 6 3] [52.37702421499766, 48.86327123124871, 25.099430016265035, 47.36593313858649, 48.19280436497115, 20.577758587414273, 47.74241737870619, 47.98432551086729, 48.33394064688607, 19.138884332581164]
evaluate reward 159.2
182 [0 1 8 4 7 6 3] [53.44525397284768, 49.96663851893622, 25.099430016265035, 48.48427380720063, 49.30287632132144, 20.577758587414273, 48.85699320491913, 49.09648225575862, 49.44260124041721, 19.138884332581164]
evaluate reward 122.8
183 [0 1 8 4 7 6 3] [54.138801433119205, 50.69497213374686, 25.099430016265035, 49.22743106912862, 50.037847558108226, 20.577758587414273, 49.596423272869934, 49.83351743320104, 50.17617522801304, 19.138884332581164]
evaluate reward 125.2
184 [0 1 8 4 7 6 3] [54.84941341878801, 51.44002241240939, 25.099430016265035, 49.98715675843734, 50.78946908252714, 20.577758587414273, 50.352459040141234, 50.58718225886903, 50.92641347573291, 19.138884332581164]
evaluate reward 140.6
185 [0 1 8 4 7 6 3] [55.70691928460013, 52.331622188285294, 25.099430016265035, 50.893285190852964, 51.68757439170187, 20.577758587414273, 51.25493444973982, 51.48731043628034, 51.823149340975576, 19.138884332581164]
evaluate reward 131.4
186 [0 1 8 4 7 6 3] [56.46385009175413, 53.12230596640244, 25.099430016265035, 51.69835233894443, 52.48469864778485, 20.577758587414273, 52.05638510524242, 52.28643733191753, 52.61891784756582, 19.138884332581164]
evaluate reward 121.2
187 [0 1 8 4 7 6 3] [57.11121159083659, 53.80308290673842, 25.099430016265035, 52.393368815554986, 53.171851661307, 20.577758587414273, 52.747821254189994, 52.975572958598356, 53.30472866909016, 19.138884332581164]
evaluate reward 146.4
188 [0 1 8 4 7 6 3] [58.004099474928225, 54.729052077671035, 25.099430016265035, 53.33343512739943, 54.10413314469393, 20.577758587414273, 53.68434304164809, 53.909817229012376, 54.23568138239926, 19.138884332581164]
evaluate reward 109.6
189 [0 1 8 4 7 6 3] [58.520058480178946, 55.277761556894326, 25.099430016265035, 53.89610077612544, 54.659091813246995, 20.577758587414273, 54.24349961123161, 54.466719056722255, 54.78932456857527, 19.138884332581164]
evaluate reward 110.0
190 [0 1 8 4 7 6 3] [59.03485789537716, 55.824983941325385, 25.099430016265035, 54.45713976836418, 55.21250089511452, 20.577758587414273, 54.801064615119294, 55.02205186615503, 55.34143132288951, 19.138884332581164]
evaluate reward 156.2
191 [0 6 1 7 8 3 9] [60.00650931642338, 56.82873410191213, 25.099430016265035, 55.47456837068054, 55.21250089511452, 20.577758587414273, 55.8150539689681, 56.03383134749348, 56.35001700966062, 20.50949548925535]
evaluate reward 123.8
192 [0 1 8 7 6 3 4] [60.64444422325915, 57.49844676089301, 25.099430016265035, 56.15782268697373, 55.89837588616338, 20.577758587414273, 56.49490342927842, 56.711493034018545, 57.024516839564015, 20.50949548925535]
evaluate reward 149.0
193 [0 2 3 7 6 8 5] [61.52799978102656, 57.49844676089301, 26.338435716102385, 57.08624446010399, 55.89837588616338, 21.86198100154013, 57.41995439498564, 57.63437810367836, 57.94427167116837, 20.50949548925535]
evaluate reward 172.8
194 [0 8 7 1 6 3 4] [62.64071978321629, 58.651462293284084, 26.338435716102385, 58.24338201550295, 57.067392127301744, 21.86198100154013, 58.57375485103578, 58.78603432264158, 59.09282895445669, 20.50949548925535]
evaluate reward 126.0
195 [0 8 7 1 6 3 4] [63.27431258538413, 59.32494767035124, 26.338435716102385, 58.920948195347925, 57.75671820602873, 21.86198100154013, 59.24801730252542, 59.45817397941516, 59.761900664912126, 20.50949548925535]
evaluate reward 178.4
196 [0 8 7 1 6 3 4] [64.4255694595303, 60.51569819364773, 26.338435716102385, 60.11573871339445, 58.96315102396844, 21.86198100154013, 60.43953712950017, 60.647592239621005, 60.94828165826301, 20.50949548925535]
evaluate reward 200.0
197 [0 8 7 1 6 3 4] [65.78131376493499, 61.910541211711255, 26.338435716102385, 61.514581326260505, 60.37351951372876, 21.86198100154013, 61.83514175820517, 62.0411163172248, 62.33879884168038, 20.50949548925535]
evaluate reward 134.0
198 [0 8 7 1 6 3 4] [66.46350062728564, 62.63143579959414, 26.338435716102385, 62.2394355129979, 61.10978431859147, 21.86198100154013, 62.55679034062312, 62.76070515405255, 63.055410853263574, 20.50949548925535]
evaluate reward 124.6
199 [0 8 7 1 6 3 4] [67.04486562101279, 63.2511214415982, 26.338435716102385, 62.86304115786792, 61.74468647540556, 21.86198100154013, 63.177222437216884, 63.379098102512025, 63.67085674473094, 20.50949548925535]
worker_credit [67.04486562101279, 63.2511214415982, 26.338435716102385, 62.86304115786792, 61.74468647540556, 21.86198100154013, 63.177222437216884, 63.379098102512025, 63.67085674473094, 20.50949548925535]
sort credit num [0 8 7 1 6 3 4 2 5 9]

Process finished with exit code 0
