C:\ProgramData\Anaconda3\envs\pytorch\python.exe D:/RL/parallelRL/standard_MAB/discrete_a3c.py
random_choice
evaluate reward 35.4
0 [0 8 4 1 7 5 3] [0.354, 0.354, 0, 0.354, 0.354, 0.354, 0, 0.354, 0.354, 0]
random_choice
evaluate reward 22.8
1 [0 5 7 2 4 1 8] [0.57846, 0.57846, 0.228, 0.354, 0.57846, 0.57846, 0, 0.57846, 0.57846, 0]
random_choice
evaluate reward 26.2
2 [0 2 3 5 7 8 9] [0.8346754, 0.57846, 0.48772000000000004, 0.61246, 0.57846, 0.8346754, 0, 0.8346754, 0.8346754, 0.262]
random_choice
evaluate reward 27.8
3 [0 3 1 2 8 7 9] [1.104328646, 0.8506754, 0.7608428, 0.8843354000000001, 0.57846, 0.8346754, 0, 1.104328646, 1.104328646, 0.53738]
random_choice
evaluate reward 17.4
4 [0 5 1 2 7 3 4] [1.26728535954, 1.016168646, 0.927234372, 1.0494920460000001, 0.7466754, 1.000328646, 0, 1.26728535954, 1.104328646, 0.53738]
random_choice
evaluate reward 30.0
5 [0 1 7 9 3 4 2] [1.5546125059446, 1.30600695954, 1.21796202828, 1.3389971255400002, 1.039208646, 1.000328646, 0, 1.5546125059446, 1.104328646, 0.8320061999999999]
random_choice
evaluate reward 25.8
6 [0 3 2 9 8 4 5] [1.7970663808851541, 1.30600695954, 1.4637824079972002, 1.5836071542846002, 1.28681655954, 1.2483253595400001, 0, 1.5546125059446, 1.3512853595399998, 1.081686138]
random_choice
evaluate reward 38.2
7 [0 2 7 3 6 4 8] [2.1610957170763028, 1.30600695954, 1.8311445839172282, 1.9497710827417543, 1.6559483939446, 1.2483253595400001, 0.38200000000000006, 1.9210663808851542, 1.7197725059445998, 1.081686138]
greedy credit choice
evaluate reward 26.6
8 [0 3 7 2 8 4 1] [2.40548475990554, 1.5589468899446, 2.078833138078056, 2.196273371914337, 1.905388910005154, 1.2483253595400001, 0.38200000000000006, 2.1678557170763026, 1.968574780885154, 1.081686138]
greedy credit choice
evaluate reward 24.4
9 [0 3 7 2 8 4 1] [2.625429912306484, 1.787357421045154, 2.3020448066972756, 2.4183106381951935, 2.1303350209051026, 1.2483253595400001, 0.38200000000000006, 2.3901771599055395, 2.1928890330763022, 1.081686138]
random_choice
evaluate reward 34.8
10 [0 6 5 2 3 7 8] [2.9471756131834193, 1.787357421045154, 2.627024358630303, 2.7421275318132414, 2.1303350209051026, 1.5838421059446002, 0.72618, 2.714275388306484, 2.5189601427455393, 1.081686138]
random_choice
evaluate reward 34.0
11 [0 3 8 5 9 4 1] [3.257703857051585, 2.1094838468347024, 2.627024358630303, 3.054706256495109, 2.4490316706960518, 1.9080036848851543, 0.72618, 2.714275388306484, 2.833770541318084, 1.41086927662]
greedy credit choice
evaluate reward 19.8
12 [0 3 8 7 2 4 1] [3.423126818481069, 2.2863890083663554, 2.798754115044, 3.222159193930158, 2.6225413539890914, 1.9080036848851543, 0.72618, 2.885132634423419, 3.003432835904903, 1.41086927662]
random_choice
evaluate reward 33.0
13 [0 6 7 9 8 2 3] [3.718895550296258, 2.2863890083663554, 3.10076657389356, 3.519937601990857, 2.6225413539890914, 1.9080036848851543, 1.0489182000000001, 3.186281308079185, 3.3033985075458543, 1.7267605838538]
random_choice
evaluate reward 34.8
14 [0 1 9 2 8 7 5] [4.0297065947932955, 2.611525118282692, 3.4177589081546245, 3.519937601990857, 2.6225413539890914, 2.236923648036303, 1.0489182000000001, 3.502418494998393, 3.6183645224703955, 2.057492978015262]
greedy credit choice
evaluate reward 23.4
15 [0 8 3 7 2 4 1] [4.223409528845362, 2.819409867099865, 3.617581319073078, 3.7187382259709483, 2.8303159404492004, 2.236923648036303, 1.0489182000000001, 3.701394310048409, 3.8161808772456918, 2.057492978015262]
random_choice
evaluate reward 22.0
16 [0 4 9 3 2 1 8] [4.401175433556909, 3.0112157684288663, 3.8014055058823475, 3.901550843711239, 3.0220127810447086, 2.236923648036303, 1.0489182000000001, 3.701394310048409, 3.998019068473235, 2.2569180482351094]
random_choice
evaluate reward 37.6
17 [0 6 8 5 9 1 2] [4.73316367922134, 3.3571036107445775, 4.139391450823524, 3.901550843711239, 3.0220127810447086, 2.59055441155594, 1.414429018, 3.701394310048409, 4.334038877788503, 2.610348867752758]
random_choice
evaluate reward 28.6
18 [0 2 3 5 6 4 1] [4.971832042429126, 3.609532574637132, 4.383997536315289, 4.1485353352741265, 3.2777926532342616, 2.8506488674403805, 1.6862847278200002, 3.701394310048409, 4.334038877788503, 2.610348867752758]
random_choice
evaluate reward 32.0
19 [0 7 9 4 3 2 8] [5.242113722004834, 3.609532574637132, 4.660157560952136, 4.427049981921385, 3.5650147267019188, 2.8506488674403805, 1.6862847278200002, 3.9843803669479247, 4.610698489010618, 2.9042453790752307]
random_choice
evaluate reward 31.0
20 [0 6 2 9 1 5 8] [5.499692584784786, 3.8834372488907607, 4.923555985342615, 4.427049981921385, 3.5650147267019188, 3.132142378765977, 1.9794218805418002, 3.9843803669479247, 4.874591504120512, 3.1852029252844782]
random_choice
evaluate reward 22.2
21 [0 2 1 3 9 7 8] [5.666695658936939, 4.066602876401853, 5.096320425489189, 4.604779482102171, 3.5650147267019188, 3.132142378765977, 1.9794218805418002, 4.166536563278446, 5.047845589079307, 3.3753508960316334]
random_choice
evaluate reward 34.0
22 [0 5 6 4 1 7 3] [5.950028702347569, 4.365936847637834, 5.096320425489189, 4.89873168728115, 3.8693645794348996, 3.440820954978317, 2.2996276617363822, 4.464871197645661, 5.047845589079307, 3.3753508960316334]
random_choice
evaluate reward 23.0
23 [0 4 5 2 8 7 9] [6.1205284153240935, 4.365936847637834, 5.275357221234297, 4.89873168728115, 4.060670933640551, 3.6364127454285335, 2.2996276617363822, 4.650222485669205, 5.227367133188514, 3.571597387071317]
random_choice
evaluate reward 20.2
24 [0 2 8 9 7 5 6] [6.261323131170853, 4.365936847637834, 5.424603649021954, 4.89873168728115, 4.060670933640551, 3.8020486179742483, 2.4786313851190185, 4.805720260812513, 5.377093461856629, 3.7378814132006037]
random_choice
evaluate reward 31.6
25 [0 6 7 5 2 8 1] [6.514709899859144, 4.638277479161456, 5.686357612531734, 4.89873168728115, 4.060670933640551, 4.0800281317945055, 2.769845071267828, 5.073663058204388, 5.639322527238063, 3.7378814132006037]
random_choice
evaluate reward 26.0
26 [0 3 7 4 9 2 1] [6.709562800860553, 4.851894704369841, 5.8894940364064166, 5.109744370408339, 4.280064224304145, 4.0800281317945055, 2.769845071267828, 5.2829264276223435, 5.639322527238063, 3.960502599068598]
random_choice
evaluate reward 26.8
27 [0 9 8 3 7 1 6] [6.910467172851948, 5.071375757326143, 5.8894940364064166, 5.326646926704256, 4.280064224304145, 4.0800281317945055, 3.01014662055515, 5.49809716334612, 5.8509293019656825, 4.188897573077912]
random_choice
evaluate reward 32.6
28 [0 8 4 3 6 1 7] [7.167362501123428, 5.3466619997528815, 5.8894940364064166, 5.5993804574372135, 4.563263582061104, 4.0800281317945055, 3.3060451543495986, 5.7691161917126585, 6.118420008946026, 4.188897573077912]
random_choice
evaluate reward 30.8
29 [0 5 3 1 7 4 6] [7.403688876112193, 5.601195379755353, 5.8894940364064166, 5.851386652862841, 4.825630946240493, 4.3472278504765605, 3.5809847028061026, 6.019425029795532, 6.118420008946026, 4.188897573077912]
random_choice
evaluate reward 31.8
30 [0 9 3 8 1 5 4] [7.647651987351072, 5.8631834259578, 5.8894940364064166, 6.1108727863342125, 5.0953746367780886, 4.621755571971795, 3.5809847028061026, 6.019425029795532, 6.375235808856566, 4.465008597347133]
random_choice
evaluate reward 19.0
31 [0 3 6 7 2 4 8] [7.761175467477561, 5.8631834259578, 6.0205990960423525, 6.23976405847087, 5.234420890410307, 4.621755571971795, 3.7351748557780415, 6.149230779497577, 6.501483450768, 4.465008597347133]
random_choice
evaluate reward 24.2
32 [0 7 2 1 6 8 5] [7.925563712802786, 6.046551591698222, 6.202393105081929, 6.23976405847087, 5.234420890410307, 4.817538016252077, 3.939823107220261, 6.329738471702601, 6.67846861626032, 4.465008597347133]
greedy credit choice
evaluate reward 29.6
33 [0 8 7 3 2 1 4] [8.142308075674759, 6.28208607578124, 6.4363691740311095, 6.473366417886162, 5.478076681506204, 4.817538016252077, 3.939823107220261, 6.562441086985575, 6.907683930097717, 4.465008597347133]
greedy credit choice
evaluate reward 24.2
34 [0 8 7 3 2 1 4] [8.302884994918012, 6.4612652150234275, 6.614005482290798, 6.6506327537073, 5.665295914691142, 4.817538016252077, 3.939823107220261, 6.738816676115719, 7.0806070907967396, 4.465008597347133]
greedy credit choice
evaluate reward 24.0
35 [0 8 7 3 2 1 4] [8.459856144968832, 6.636652562873193, 6.7878654274678905, 6.824126426170227, 5.84864295554423, 4.817538016252077, 3.939823107220261, 6.911428509354562, 7.249801019888772, 4.465008597347133]
greedy credit choice
evaluate reward 23.4
36 [0 8 7 3 2 1 4] [8.609257583519144, 6.804286037244461, 6.953986773193211, 6.989885161908525, 6.024156525988788, 4.817538016252077, 3.939823107220261, 7.076314224261016, 7.411303009689885, 4.465008597347133]
random_choice
evaluate reward 22.2
37 [0 8 2 4 5 9 3] [8.745165007683951, 6.804286037244461, 7.106446905461279, 7.14198631028944, 6.1859149607289, 4.991362636089556, 3.939823107220261, 7.076314224261016, 7.559189979592986, 4.642358511373661]
greedy credit choice
evaluate reward 18.4
38 [0 8 3 2 7 1 4] [8.841713357607112, 6.920243176872017, 7.219382436406667, 7.254566447186545, 6.308055811121611, 4.991362636089556, 3.939823107220261, 7.189551082018406, 7.667598079797056, 4.642358511373661]
greedy credit choice
evaluate reward 28.8
39 [0 8 3 2 7 1 4] [9.041296224031042, 7.139040745103297, 7.4351886120426, 7.47002078271468, 6.532975253010395, 4.991362636089556, 3.939823107220261, 7.405655571198222, 7.878922098999086, 4.642358511373661]
greedy credit choice
evaluate reward 35.8
40 [0 8 3 2 7 1 4] [9.308883261790731, 7.425650337652264, 7.7188367259221735, 7.753320574887533, 6.825645500480292, 4.991362636089556, 3.939823107220261, 7.68959901548624, 8.158132878009095, 4.642358511373661]
random_choice
evaluate reward 37.4
41 [0 5 6 4 8 3 1] [9.589794429172823, 7.7253938342757404, 7.7188367259221735, 8.049787369138658, 7.131389045475489, 5.31544900972866, 4.274424876148059, 7.68959901548624, 8.450551549229004, 4.642358511373661]
greedy credit choice
evaluate reward 45.6
42 [0 8 3 1 2 7 4] [9.949896484881094, 8.104139895932983, 8.097648358662951, 8.425289495447272, 7.516075155020734, 5.31544900972866, 4.274424876148059, 8.068703025331377, 8.822046033736715, 4.642358511373661]
random_choice
evaluate reward 32.2
43 [0 3 6 1 5 4 9] [10.172397520032284, 8.345098496973653, 8.097648358662951, 8.663036600492799, 7.762914403470527, 5.584294519631373, 4.553680627386578, 8.068703025331377, 8.822046033736715, 4.917934926259925]
random_choice
evaluate reward 25.8
44 [0 9 8 3 7 2 6] [10.328673544831961, 8.345098496973653, 8.274671875076322, 8.83440623448787, 7.762914403470527, 5.584294519631373, 4.7661438211127125, 8.246015995078064, 8.991825573399348, 5.126755576997326]
random_choice
evaluate reward 33.2
45 [0 4 8 9 1 5 3] [10.557386809383642, 8.593647512003917, 8.274671875076322, 9.078062172142992, 8.017285259435821, 5.86045157443506, 4.7661438211127125, 8.246015995078064, 9.233907317665354, 5.407488021227352]
greedy credit choice
evaluate reward 29.0
46 [0 8 3 1 2 7 4] [10.741812941289806, 8.797711036883879, 8.481925156325559, 9.277281550421563, 8.227112406841464, 5.86045157443506, 4.7661438211127125, 8.453555835127284, 9.4315682444887, 5.407488021227352]
random_choice
evaluate reward 26.2
47 [0 8 6 5 7 2 1] [10.896394811876908, 8.97173392651504, 8.659105904762303, 9.277281550421563, 8.227112406841464, 6.063847058690709, 4.980482382901585, 8.631020276776011, 9.599252562043812, 5.407488021227352]
random_choice
evaluate reward 31.2
48 [0 7 9 5 6 4 2] [11.099430863758139, 8.97173392651504, 8.88451484571468, 9.277281550421563, 8.456841282773048, 6.315208588103802, 5.242677559072569, 8.856710074008252, 9.599252562043812, 5.665413141015079]
greedy credit choice
evaluate reward 31.8
49 [0 8 3 1 2 7 4] [11.306436555120557, 9.20001658724989, 9.113669697257533, 9.502508734917347, 8.690272869945318, 6.315208588103802, 5.242677559072569, 9.086142973268169, 9.821260036423373, 5.665413141015079]
random_choice
evaluate reward 26.8
50 [0 2 4 1 5 6 8] [11.461372189569351, 9.37601642137739, 9.290533000284958, 9.502508734917347, 8.871370141245865, 6.520056502222764, 5.4582507834818434, 9.086142973268169, 9.991047436059139, 5.665413141015079]
random_choice
evaluate reward 28.6
51 [0 4 6 8 3 5 9] [11.632758467673657, 9.37601642137739, 9.290533000284958, 9.693483647568174, 9.068656439833406, 6.7408559372005366, 5.689668275647025, 9.086142973268169, 10.177136961698547, 5.894759009604928]
random_choice
evaluate reward 49.8
52 [0 9 2 8 3 4 5] [12.01443088299692, 9.37601642137739, 9.695627670282109, 10.094548811092492, 9.475969875435071, 7.171447377828531, 5.689668275647025, 9.086142973268169, 10.573365592081561, 6.333811419508879]
greedy credit choice
evaluate reward 27.8
53 [0 8 3 2 4 1 7] [12.172286574166952, 9.560256257163616, 9.876671393579288, 10.271603322981568, 9.65921017668072, 7.171447377828531, 5.689668275647025, 9.273281543535488, 10.745631936160747, 6.333811419508879]
greedy credit choice
evaluate reward 46.0
54 [0 8 3 2 4 1 7] [12.510563708425282, 9.92465369459198, 10.237904679643496, 10.628887289751752, 10.022618074913913, 7.171447377828531, 5.689668275647025, 9.640548728100132, 11.09817561679914, 6.333811419508879]
greedy credit choice
evaluate reward 40.4
55 [0 8 3 2 4 1 7] [12.789458071341029, 10.22940715764606, 10.539525632847061, 10.926598416854235, 10.326391894164773, 7.171447377828531, 5.689668275647025, 9.94814324081913, 11.391193860631148, 6.333811419508879]
random_choice
evaluate reward 39.2
56 [0 3 1 7 4 6 5] [13.053563490627619, 10.519113086069598, 10.539525632847061, 11.209332432685693, 10.615127975223126, 7.491732904050245, 6.024771592890556, 10.24066180841094, 11.391193860631148, 6.333811419508879]
random_choice
evaluate reward 38.4
57 [0 3 5 8 7 6 2] [13.307027855721342, 10.519113086069598, 10.81813037651859, 11.481239108358837, 10.615127975223126, 7.800815575009743, 6.34852387696165, 10.52225519032683, 11.661281922024836, 6.333811419508879]
greedy credit choice
evaluate reward 40.2
58 [0 8 3 2 4 7 1] [13.575957577164129, 10.815921955208903, 11.111949072753404, 11.768426717275249, 10.910976695470895, 7.800815575009743, 6.34852387696165, 10.819032638423561, 11.946669102804588, 6.333811419508879]
random_choice
evaluate reward 51.4
59 [0 5 1 2 4 7 6] [13.954198001392488, 11.221762735656814, 11.51482958202587, 11.768426717275249, 11.315866928516186, 8.236807419259646, 6.799038638192034, 11.224842312039325, 11.946669102804588, 6.333811419508879]
greedy credit choice
evaluate reward 55.0
60 [0 8 3 2 4 7 1] [14.364656021378563, 11.659545108300245, 11.949681286205612, 12.200742450102496, 11.752708259231024, 8.236807419259646, 6.799038638192034, 11.66259388891893, 12.377202411776542, 6.333811419508879]
random_choice
evaluate reward 43.6
61 [0 4 6 9 7 3 5] [14.657009461164778, 11.659545108300245, 11.949681286205612, 12.514735025601471, 12.071181176638714, 8.59043934506705, 7.1670482518101135, 11.981967950029741, 12.377202411776542, 6.70647330531379]
random_choice
evaluate reward 36.6
62 [0 9 7 3 8 2 4] [14.87643936655313, 11.659545108300245, 12.196184473343555, 12.755587675345456, 12.316469364872326, 8.59043934506705, 7.1670482518101135, 12.228148270529443, 12.619430387658777, 7.005408572260652]
random_choice
evaluate reward 42.8
63 [0 3 1 2 4 7 6] [15.1556749728876, 11.970949657217242, 12.50222262861012, 13.056031798592002, 12.621304671223603, 8.59043934506705, 7.523377769292012, 12.533866787824149, 12.619430387658777, 7.005408572260652]
greedy credit choice
evaluate reward 47.2
64 [0 3 4 8 7 2 1] [15.476118223158723, 12.323240160645069, 12.84920040232402, 13.397471480606082, 12.967091624511367, 8.59043934506705, 7.523377769292012, 12.880528119945907, 12.96523608378219, 7.005408572260652]
greedy credit choice
evaluate reward 36.4
65 [0 3 4 8 7 2 1] [15.685357040927135, 12.564007759038619, 13.084708398300778, 13.627496765800021, 13.201420708266253, 8.59043934506705, 7.523377769292012, 13.115722838746448, 13.199583722944368, 7.005408572260652]
greedy credit choice
evaluate reward 27.0
66 [0 3 4 8 7 2 1] [15.798503470517863, 12.708367681448232, 13.223861314317771, 13.76122179814202, 13.339406501183591, 8.59043934506705, 7.523377769292012, 13.254565610358984, 13.337587885714925, 7.005408572260652]
greedy credit choice
evaluate reward 62.4
67 [0 3 4 8 7 2 1] [16.264518435812683, 13.20528400463375, 13.715622701174594, 14.247609580160601, 13.830012436171755, 8.59043934506705, 7.523377769292012, 13.746019954255395, 13.828212006857775, 7.005408572260652]
random_choice
evaluate reward 44.6
68 [0 2 5 3 6 8 4] [16.547873251454554, 13.20528400463375, 14.024466474162848, 14.551133484358996, 14.137712311810038, 8.95053495161638, 7.894143991599092, 13.746019954255395, 14.135929886789198, 7.005408572260652]
random_choice
evaluate reward 41.8
69 [0 1 8 7 3 6 4] [16.80039451894001, 13.491231164587413, 14.024466474162848, 14.823622149515405, 14.414335188691938, 8.95053495161638, 8.233202551683101, 14.02655975471284, 14.412570587921305, 7.005408572260652]
random_choice
evaluate reward 38.6
70 [0 4 2 6 1 3 8] [17.018390573750608, 13.742318852941539, 14.27022180942122, 15.06138592802025, 14.656191836805018, 8.95053495161638, 8.53687052616627, 14.02655975471284, 14.654444882042093, 7.005408572260652]
greedy credit choice
evaluate reward 33.4
71 [0 3 4 8 2 7 1] [17.1822066680131, 13.938895664412124, 14.461519591327008, 15.244772068740048, 14.843629918436967, 8.95053495161638, 8.53687052616627, 14.220294157165712, 14.84190043322167, 7.005408572260652]
greedy credit choice
evaluate reward 48.6
72 [0 3 4 8 2 7 1] [17.49638460133297, 14.285506707768002, 14.802904395413737, 15.578324348052647, 15.181193619252598, 8.95053495161638, 8.53687052616627, 14.564091215594056, 15.179481428889455, 7.005408572260652]
greedy credit choice
evaluate reward 55.0
73 [0 3 4 8 2 7 1] [17.87142075531964, 14.692651640690322, 15.2048753514596, 15.97254110457212, 15.579381683060072, 8.95053495161638, 8.53687052616627, 14.968450303438114, 15.57768661460056, 7.005408572260652]
greedy credit choice
evaluate reward 40.8
74 [0 3 4 8 2 7 1] [18.100706547766443, 14.953725124283418, 15.460826597945005, 16.220815693526397, 15.831587866229471, 8.95053495161638, 8.53687052616627, 15.226765800403733, 15.829909748454554, 7.005408572260652]
random_choice
evaluate reward 44.2
75 [0 3 8 9 4 5 6] [18.361699482288778, 14.953725124283418, 15.460826597945005, 16.500607536591133, 16.115271987567176, 9.303029602100215, 8.893501820904607, 15.226765800403733, 16.11361065097001, 7.377354486538046]
random_choice
evaluate reward 57.8
76 [0 2 8 7 4 3 1] [18.75608248746589, 15.382187873040584, 15.884218331965554, 16.913601461225223, 16.532119267691506, 9.303029602100215, 8.893501820904607, 15.652498142399695, 16.53047454446031, 7.377354486538046]
random_choice
evaluate reward 55.6
77 [0 2 7 1 4 5 6] [19.12452166259123, 15.784365994310178, 16.281376148645897, 16.913601461225223, 16.92279807501459, 9.765999306079213, 9.36056680269556, 16.0519731609757, 16.53047454446031, 7.377354486538046]
greedy credit choice
evaluate reward 39.6
78 [0 4 3 8 2 7 1] [19.32927644596532, 16.022522334367075, 16.514562387159437, 17.14046544661297, 17.149570094264444, 9.765999306079213, 9.36056680269556, 16.287453429365943, 16.761169799015708, 7.377354486538046]
greedy credit choice
evaluate reward 58.0
79 [0 4 3 8 2 7 1] [19.715983681505666, 16.442297111023404, 16.929416763287843, 17.549060792146843, 17.5580743933218, 9.765999306079213, 9.36056680269556, 16.704578895072284, 17.173558101025552, 7.377354486538046]
greedy credit choice
evaluate reward 31.8
80 [0 4 3 8 2 7 1] [19.83682384469061, 16.59587413991317, 17.078122595654964, 17.691570184225373, 17.70049364938858, 9.765999306079213, 9.36056680269556, 16.855533106121563, 17.319822520015297, 7.377354486538046]
greedy credit choice
evaluate reward 38.8
81 [0 4 3 8 2 7 1] [20.026455606243704, 16.81791539851404, 17.295341369698413, 17.90265448238312, 17.911488712894695, 9.765999306079213, 9.36056680269556, 17.074977775060347, 17.534624294815146, 7.377354486538046]
random_choice
evaluate reward 28.0
82 [0 6 1 9 3 8 2] [20.106191050181266, 16.929736244528897, 17.40238795600143, 18.00362793755929, 17.911488712894695, 9.765999306079213, 9.546961134668605, 17.074977775060347, 17.639278051866995, 7.583580941672666]
greedy credit choice
evaluate reward 37.2
83 [0 3 4 8 2 7 1] [20.277129139679452, 17.13243888208361, 17.600364076441416, 18.195591658183698, 18.104373825765748, 9.765999306079213, 9.546961134668605, 17.276227997309743, 17.834885271348327, 7.583580941672666]
greedy credit choice
evaluate reward 34.4
84 [0 3 4 8 2 7 1] [20.418357848282657, 17.30511449326277, 17.768360435677003, 18.35763574160186, 18.26733008750809, 9.765999306079213, 9.546961134668605, 17.447465717336645, 18.000536418634844, 7.583580941672666]
random_choice
evaluate reward 46.0
85 [0 1 4 7 3 8 5] [20.67417426979983, 17.592063348330143, 17.768360435677003, 18.634059384185843, 18.54465678663301, 10.12833931301842, 9.546961134668605, 17.73299106016328, 18.280531054448495, 7.583580941672666]
greedy credit choice
evaluate reward 41.2
86 [0 3 4 8 2 7 1] [20.879432527101834, 17.82814271484684, 18.002676831320233, 18.859718790343983, 18.77121021876668, 10.12833931301842, 9.546961134668605, 17.967661149561646, 18.50972574390401, 7.583580941672666]
random_choice
evaluate reward 78.6
87 [0 8 6 1 7 4 5] [21.456638201830817, 18.435861287698373, 18.002676831320233, 18.859718790343983, 19.369498116579013, 10.813055919888237, 10.237491523321918, 18.57398453806603, 19.110628486464968, 7.583580941672666]
greedy credit choice
evaluate reward 40.6
88 [0 4 8 3 7 1 2] [21.648071819812507, 18.657502674821387, 18.22865006300703, 19.077121602440542, 19.581803135413224, 10.813055919888237, 10.237491523321918, 18.794244692685368, 19.325522201600318, 7.583580941672666]
random_choice
evaluate reward 47.6
89 [0 2 9 5 7 1 3] [21.907591101614383, 18.946927648073174, 18.52236356237696, 19.362350386416136, 19.581803135413224, 11.180925360689354, 10.237491523321918, 19.082302245758513, 19.325522201600318, 7.9837451322559385]
random_choice
evaluate reward 27.4
90 [0 6 2 5 9 4 8] [21.96251519059824, 18.946927648073174, 18.61113992675319, 19.362350386416136, 19.659985104059093, 11.34311610708246, 10.409116608088699, 19.082302245758513, 19.406266979584316, 8.177907680933378]
random_choice
evaluate reward 35.0
91 [0 4 6 7 5 9 1] [22.092890038692257, 19.107458371592443, 18.61113992675319, 19.362350386416136, 19.813385253018502, 11.579684946011636, 10.655025442007812, 19.241479223300928, 19.406266979584316, 8.446128604124045]
random_choice
evaluate reward 38.8
92 [0 4 6 3 9 8 7] [22.259961138305336, 19.107458371592443, 18.61113992675319, 19.556726882551974, 20.003251400488317, 11.579684946011636, 10.936475187587734, 19.43706443106792, 19.600204309788474, 8.749667318082805]
greedy credit choice
evaluate reward 43.4
93 [0 4 8 3 7 1 2] [22.471361526922284, 19.35038378787652, 18.85902852748566, 19.795159613726454, 20.237218886483433, 11.579684946011636, 10.936475187587734, 19.67669378675724, 19.83820226669059, 8.749667318082805]
random_choice
evaluate reward 40.8
94 [0 5 1 3 8 9 6] [22.65464791165306, 19.564879949997756, 18.85902852748566, 20.00520801758919, 20.237218886483433, 11.871888096551519, 11.235110435711857, 19.67669378675724, 20.047820244023683, 9.070170644901976]
greedy credit choice
evaluate reward 58.8
95 [0 4 8 3 7 1 2] [23.01610143253653, 19.95723115049778, 19.2584382422108, 20.393155937413297, 20.6228466976186, 11.871888096551519, 11.235110435711857, 20.06792684888967, 20.435342041583446, 9.070170644901976]
greedy credit choice
evaluate reward 72.6
96 [0 4 8 3 7 1 2] [23.511940418211164, 20.483658838992802, 19.79185385978869, 20.915224378039163, 21.142618230642412, 11.871888096551519, 11.235110435711857, 20.593247580400774, 20.95698862116761, 9.070170644901976]
greedy credit choice
evaluate reward 45.2
97 [0 4 8 3 7 1 2] [23.72882101402905, 20.730822250602873, 20.045935321190804, 21.15807213425877, 21.38319204833599, 11.871888096551519, 11.235110435711857, 20.839315104596768, 21.199418734955934, 9.070170644901976]
greedy credit choice
evaluate reward 36.4
98 [0 4 8 3 7 1 2] [23.85553280388876, 20.887514028096845, 20.209475967978896, 21.310491412916182, 21.533360127852628, 11.871888096551519, 11.235110435711857, 20.9949219535508, 21.351424547606374, 9.070170644901976]
random_choice
evaluate reward 59.0
99 [0 6 8 7 3 4 1] [24.20697747584987, 21.268638887815875, 20.209475967978896, 21.68738649878702, 21.9080265265741, 11.871888096551519, 11.712759331354738, 21.374972734015294, 21.72791030213031, 9.070170644901976]
greedy credit choice
evaluate reward 41.0
100 [0 4 8 3 7 1 2] [24.374907701091374, 21.465952498937718, 20.41738120829911, 21.88051263379915, 22.09894626130836, 11.871888096551519, 11.712759331354738, 21.57122300667514, 21.920631199109007, 9.070170644901976]
greedy credit choice
evaluate reward 40.8
101 [0 4 8 3 7 1 2] [24.53915862408046, 21.65929297394834, 20.621207396216118, 22.069707507461157, 22.285956798695278, 11.871888096551519, 11.712759331354738, 21.76351077660839, 22.109424887117918, 9.070170644901976]
greedy credit choice
evaluate reward 32.4
102 [0 4 8 3 7 1 2] [24.617767037839656, 21.766700044208857, 20.738995322253956, 22.173010432386544, 22.387097230708324, 11.871888096551519, 11.712759331354738, 21.869875668842305, 22.212330638246737, 9.070170644901976]
random_choice
evaluate reward 48.2
103 [0 4 6 1 7 2 5] [24.853589367461257, 22.03103304376677, 21.013605369031417, 22.173010432386544, 22.64522625840124, 12.235169215586003, 12.077631738041191, 22.133176912153882, 22.212330638246737, 9.070170644901976]
random_choice
evaluate reward 36.4
104 [0 6 3 9 5 4 8] [24.969053473786644, 22.03103304376677, 21.013605369031417, 22.315280328062677, 22.78277399581723, 12.476817523430142, 12.320855420660779, 22.133176912153882, 22.35420733186427, 9.343468938452956]
greedy credit choice
evaluate reward 53.6
105 [0 4 8 3 7 1 2] [25.255362939048776, 22.3467227133291, 21.339469315341102, 22.62812752478205, 23.09094625585906, 12.476817523430142, 12.320855420660779, 22.447845143032342, 22.666665258545628, 9.343468938452956]
greedy credit choice
evaluate reward 51.2
106 [0 4 8 3 7 1 2] [25.51480930965829, 22.63525548619581, 21.63807462218769, 22.91384624953423, 23.372036793300467, 12.476817523430142, 12.320855420660779, 22.735366691602017, 22.95199860596017, 9.343468938452956]
greedy credit choice
evaluate reward 41.0
107 [0 4 8 3 7 1 2] [25.669661216561707, 22.818902931333852, 21.831693875965815, 23.09470778703889, 23.548316425367464, 12.476817523430142, 12.320855420660779, 22.918013024685997, 23.132478619900567, 9.343468938452956]
greedy credit choice
evaluate reward 67.6
108 [0 4 8 3 7 1 2] [26.08896460439609, 23.266713902020513, 22.289376937206157, 23.5397607091685, 23.98883326111379, 12.476817523430142, 12.320855420660779, 23.364832894439136, 23.577153833701562, 9.343468938452956]
greedy credit choice
evaluate reward 46.0
109 [0 4 8 3 7 1 2] [26.28807495835213, 23.49404676300031, 22.526483167834094, 23.764363102076818, 24.208944928502653, 12.476817523430142, 12.320855420660779, 23.591184565494746, 23.801382295364547, 9.343468938452956]
random_choice
evaluate reward 57.6
110 [0 8 4 1 9 7 3] [26.601194208768607, 23.835106295370306, 22.526483167834094, 24.102719471056048, 24.542855479217625, 12.476817523430142, 12.320855420660779, 23.9312727198398, 24.1393684724109, 9.826034249068426]
greedy credit choice
evaluate reward 46.2
111 [0 4 8 3 7 1 2] [26.79718226668092, 24.0587552324166, 22.763218336155752, 24.323692276345486, 24.759426924425448, 12.476817523430142, 12.320855420660779, 24.1539599926414, 24.35997478768679, 9.826034249068426]
greedy credit choice
evaluate reward 47.8
112 [0 4 8 3 7 1 2] [27.00721044401411, 24.296167680092434, 23.013586152794193, 24.55845535358203, 24.989832655181193, 12.476817523430142, 12.320855420660779, 24.390420392714987, 24.594375039809922, 9.826034249068426]
random_choice
evaluate reward 41.8
113 [0 3 4 6 8 2 7] [27.15513833957397, 24.296167680092434, 23.20145029126625, 24.73087080004621, 25.15793432862938, 12.476817523430142, 12.61564686645417, 24.564516188787838, 24.766431289411823, 9.826034249068426]
greedy credit choice
evaluate reward 41.4
114 [0 4 8 3 7 1 2] [27.29758695617823, 24.46720600329151, 23.383435788353587, 24.897562092045746, 25.320354985343087, 12.476817523430142, 12.61564686645417, 24.73287102689996, 24.932766976517705, 9.826034249068426]
greedy credit choice
evaluate reward 49.2
115 [0 4 8 3 7 1 2] [27.516611086616447, 24.714533943258594, 23.64160143047005, 25.14058647112529, 25.559151435489657, 12.476817523430142, 12.61564686645417, 24.977542316630963, 25.175439306752526, 9.826034249068426]
greedy credit choice
evaluate reward 58.0
116 [0 4 8 3 7 1 2] [27.821444975750282, 25.047388603826008, 23.98518541616535, 25.469180606414035, 25.88355992113476, 12.476817523430142, 12.61564686645417, 25.307766893464652, 25.503684913685, 9.826034249068426]
greedy credit choice
evaluate reward 43.4
117 [0 4 8 3 7 1 2] [27.97723052599278, 25.230914717787748, 24.1793335620037, 25.648488800349895, 26.058724321923414, 12.476817523430142, 12.61564686645417, 25.488689224530006, 25.68264806454815, 9.826034249068426]
greedy credit choice
evaluate reward 89.0
118 [0 4 8 3 7 1 2] [28.587458220732852, 25.86860557060987, 24.82754022638366, 26.282003912346397, 26.68813707870418, 12.476817523430142, 12.61564686645417, 26.123802332284708, 26.315821583902668, 9.826034249068426]
greedy credit choice
evaluate reward 42.2
119 [0 4 8 3 7 1 2] [28.723583638525525, 26.03191951490377, 25.001264824119826, 26.441183873222933, 26.843255707917137, 12.476817523430142, 12.61564686645417, 26.284564308961862, 26.47466336806364, 9.826034249068426]
greedy credit choice
evaluate reward 57.6
120 [0 4 8 3 7 1 2] [29.01234780214027, 26.347600319754733, 25.327252175878627, 26.752772034490704, 27.150823150837965, 12.476817523430142, 12.61564686645417, 26.597718665872243, 26.785916734383004, 9.826034249068426]
greedy credit choice
evaluate reward 38.0
121 [0 4 8 3 7 1 2] [29.102224324118865, 26.464124316557186, 25.45397965411984, 26.865244314145798, 27.259314919329587, 12.476817523430142, 12.61564686645417, 26.711741479213522, 26.898057567039174, 9.826034249068426]
greedy credit choice
evaluate reward 56.4
122 [0 4 8 3 7 1 2] [29.375202080877678, 26.763483073391615, 25.763439857578643, 27.16059187100434, 27.550721770136292, 12.476817523430142, 12.61564686645417, 27.008624064421387, 27.193076991368784, 9.826034249068426]
greedy credit choice
evaluate reward 58.4
123 [0 4 8 3 7 1 2] [29.665450060068903, 27.0798482426577, 26.089805459002857, 27.472985952294295, 27.859214552434928, 12.476817523430142, 12.61564686645417, 27.32253782377717, 27.505146221455096, 9.826034249068426]
greedy credit choice
evaluate reward 65.0
124 [0 4 8 3 7 1 2] [30.018795559468213, 27.459049760231125, 26.47890740441283, 27.84825609277135, 28.230622406910577, 12.476817523430142, 12.61564686645417, 27.699312445539398, 27.880094759240546, 9.826034249068426]
greedy credit choice
evaluate reward 48.4
125 [0 4 8 3 7 1 2] [30.20260760387353, 27.668459262628815, 26.6981183303687, 28.05377353184364, 28.432316182841472, 12.476817523430142, 12.61564686645417, 27.906319321084005, 28.08529381164814, 9.826034249068426]
greedy credit choice
evaluate reward 58.0
126 [0 4 8 3 7 1 2] [30.480581527834797, 27.971774670002528, 27.011137147065014, 28.3532357965252, 28.727993021013056, 12.476817523430142, 12.61564686645417, 28.207256127873165, 28.38444087353166, 9.826034249068426]
greedy credit choice
evaluate reward 86.8
127 [0 4 8 3 7 1 2] [31.04377571255645, 28.560056923302504, 27.609025775594365, 28.93770343855995, 29.308713090802925, 12.476817523430142, 12.61564686645417, 28.793183566594433, 28.96859646479634, 9.826034249068426]
greedy credit choice
evaluate reward 38.2
128 [0 4 8 3 7 1 2] [31.115337955430885, 28.65645635406948, 27.71493551783842, 29.03032640417435, 29.397625959894896, 12.476817523430142, 12.61564686645417, 28.887251730928487, 29.060910500148378, 9.826034249068426]
greedy credit choice
evaluate reward 89.2
129 [0 4 8 3 7 1 2] [31.696184575876575, 29.261891790528786, 28.329786162660035, 29.632023140132606, 29.995649700295946, 12.476817523430142, 12.61564686645417, 29.490379213619203, 29.662301395146894, 9.826034249068426]
greedy credit choice
evaluate reward 62.2
130 [0 4 8 3 7 1 2] [32.00122273011781, 29.5912728726235, 28.668488301033435, 29.95770290873128, 30.317693203292986, 12.476817523430142, 12.61564686645417, 29.81747542148301, 29.987678381195426, 9.826034249068426]
greedy credit choice
evaluate reward 63.0
131 [0 4 8 3 7 1 2] [32.311210502816635, 29.925360143897265, 29.0118034180231, 30.288125879643967, 30.644516271260056, 12.476817523430142, 12.61564686645417, 30.14930066726818, 30.317801597383472, 9.826034249068426]
greedy credit choice
evaluate reward 81.6
132 [0 4 8 3 7 1 2] [32.80409839778847, 30.442106542458294, 29.537685383842867, 30.801244620847527, 31.154071108547456, 12.476817523430142, 12.61564686645417, 30.6638076605955, 30.830623581409636, 9.826034249068426]
greedy credit choice
evaluate reward 68.4
133 [0 4 8 3 7 1 2] [33.160057413810584, 30.82168547703371, 29.926308530004437, 31.17723217463905, 31.526530397461983, 12.476817523430142, 12.61564686645417, 31.041169583989543, 31.20631734559554, 9.826034249068426]
greedy credit choice
evaluate reward 75.6
134 [0 4 8 3 7 1 2] [33.58445683967248, 31.269468622263375, 30.383045444704393, 31.621459852892663, 31.967265093487363, 12.476817523430142, 12.61564686645417, 31.486757888149647, 31.650254172139583, 9.826034249068426]
greedy credit choice
evaluate reward 83.0
135 [0 4 8 3 7 1 2] [34.07861227127575, 31.786773936040742, 30.90921499025735, 32.13524525436374, 32.47759244255249, 12.476817523430142, 12.61564686645417, 32.00189030926815, 32.16375163041819, 9.826034249068426]
greedy credit choice
evaluate reward 68.0
136 [0 4 8 3 7 1 2] [34.417826148562995, 32.148906196680336, 31.280122840354778, 32.4938928018201, 32.83281651812697, 12.476817523430142, 12.61564686645417, 32.36187140617547, 32.52211411411401, 9.826034249068426]
greedy credit choice
evaluate reward 50.0
137 [0 4 8 3 7 1 2] [34.573647887077364, 32.327417134713535, 31.46732161195123, 32.668953873801904, 33.0044883529457, 12.476817523430142, 12.61564686645417, 32.538252692113716, 32.69689297297287, 9.826034249068426]
greedy credit choice
evaluate reward 84.8
138 [0 4 8 3 7 1 2] [35.07591140820659, 32.8521429633664, 32.00064839583172, 33.19026433506389, 33.522443469416245, 12.476817523430142, 12.61564686645417, 33.060870165192576, 33.21792404324314, 9.826034249068426]
greedy credit choice
evaluate reward 72.6
139 [0 4 8 3 7 1 2] [35.451152294124526, 33.249621533732736, 32.4066419118734, 33.58436169171325, 33.91321903472208, 12.476817523430142, 12.61564686645417, 33.45626146354065, 33.611744802810705, 9.826034249068426]
greedy credit choice
evaluate reward 57.0
140 [0 4 8 3 7 1 2] [35.66664077118328, 33.48712531839541, 32.652575492754664, 33.81851807479612, 34.14408684437486, 12.476817523430142, 12.61564686645417, 33.69169884890524, 33.8456273547826, 9.826034249068426]
greedy credit choice
evaluate reward 92.8
141 [0 4 8 3 7 1 2] [36.23797436347145, 34.080254065211456, 33.25404973782712, 34.40833289404816, 34.73064597593111, 12.476817523430142, 12.61564686645417, 34.282781860416186, 34.43517108123478, 9.826034249068426]
greedy credit choice
evaluate reward 114.6
142 [0 4 8 3 7 1 2] [37.02159461983673, 34.88545152455934, 34.06750924044884, 35.210249565107674, 35.5293395161718, 12.476817523430142, 12.61564686645417, 35.08595404181202, 35.23681937042243, 9.826034249068426]
greedy credit choice
evaluate reward 45.2
143 [0 4 8 3 7 1 2] [37.10337867363837, 34.98859700931375, 34.17883414804435, 35.3101470694566, 35.626046121010084, 12.476817523430142, 12.61564686645417, 35.1870945013939, 35.33645117671821, 9.826034249068426]
greedy credit choice
evaluate reward 41.0
144 [0 4 8 3 7 1 2] [37.14234488690198, 35.04871103922061, 34.24704580656391, 35.36704559876203, 35.67978565979998, 12.476817523430142, 12.61564686645417, 35.24522355637996, 35.39308666495103, 9.826034249068426]
greedy credit choice
evaluate reward 77.6
145 [0 4 8 3 7 1 2] [37.54692143803296, 35.47422392882841, 34.68057534849827, 35.78937514277441, 36.098987803201986, 12.476817523430142, 12.61564686645417, 35.66877132081616, 35.81515579830152, 9.826034249068426]
greedy credit choice
evaluate reward 70.6
146 [0 4 8 3 7 1 2] [37.87745222365263, 35.825481689540126, 35.03976959501329, 36.13748139134667, 36.44399792516997, 12.476817523430142, 12.61564686645417, 36.018083607608, 36.1630042403185, 9.826034249068426]
greedy credit choice
evaluate reward 60.2
147 [0 4 8 3 7 1 2] [38.1006777014161, 36.06922687264473, 35.29137189906316, 36.3781065774332, 36.681557945918264, 12.476817523430142, 12.61564686645417, 36.25990277153192, 36.40337419791531, 9.826034249068426]
greedy credit choice
evaluate reward 54.0
148 [0 4 8 3 7 1 2] [38.259670924401945, 36.24853460391828, 35.47845818007253, 36.55432551165887, 36.854742366459085, 12.476817523430142, 12.61564686645417, 36.4373037438166, 36.57934045593616, 9.826034249068426]
greedy credit choice
evaluate reward 64.2
149 [0 4 8 3 7 1 2] [38.51907421515793, 36.5280492578791, 35.7656735982718, 36.83078225654228, 37.128194942794494, 12.476817523430142, 12.61564686645417, 36.71493070637843, 36.8555470513768, 9.826034249068426]
greedy credit choice
evaluate reward 56.6
150 [0 4 8 3 7 1 2] [38.69988347300635, 36.72876876530031, 35.97401686228908, 37.028474433976854, 37.32291299336655, 12.476817523430142, 12.61564686645417, 36.91378139931465, 37.052991580863036, 9.826034249068426]
greedy credit choice
evaluate reward 61.0
151 [0 4 8 3 7 1 2] [38.92288463827629, 36.971481077647304, 36.22427669366619, 37.26818968963708, 37.55968386343289, 12.476817523430142, 12.61564686645417, 37.1546435853215, 37.292461665054404, 9.826034249068426]
greedy credit choice
evaluate reward 96.8
152 [0 4 8 3 7 1 2] [39.501655791893526, 37.56976626687083, 36.83003392672953, 37.86350779274071, 38.15208702479856, 12.476817523430142, 12.61564686645417, 37.751097149468286, 37.88753704840386, 9.826034249068426]
greedy credit choice
evaluate reward 73.8
153 [0 4 8 3 7 1 2] [39.84463923397459, 37.93206860420212, 37.199733587462234, 38.222872714813306, 38.50856615455058, 12.476817523430142, 12.61564686645417, 38.11158617797361, 38.24666167791982, 9.826034249068426]
greedy credit choice
evaluate reward 80.4
154 [0 4 8 3 7 1 2] [40.25019284163484, 38.3567479181601, 37.63173625158761, 38.64464398766518, 38.92748049300507, 12.476817523430142, 12.61564686645417, 38.53447031619387, 38.66819506114062, 9.826034249068426]
greedy credit choice
evaluate reward 91.8
155 [0 4 8 3 7 1 2] [40.76569091321849, 38.8911804389785, 38.17341888907173, 39.176197547788526, 39.45620568807502, 12.476817523430142, 12.61564686645417, 39.067125613031926, 39.19951311052922, 9.826034249068426]
greedy credit choice
evaluate reward 64.8
156 [0 4 8 3 7 1 2] [41.00603400408631, 39.15026863458872, 38.43968470018102, 39.43243557231064, 39.709643631194275, 12.476817523430142, 12.61564686645417, 39.324454356901605, 39.455517979423924, 9.826034249068426]
greedy credit choice
evaluate reward 77.4
157 [0 4 8 3 7 1 2] [41.369973664045446, 39.53276594824283, 38.82928785317921, 39.81211121658753, 40.086547194882336, 12.476817523430142, 12.61564686645417, 39.70520981333259, 39.834962799629686, 9.826034249068426]
greedy credit choice
evaluate reward 73.4
158 [0 4 8 3 7 1 2] [41.690273927404995, 39.8714382887604, 39.17499497464742, 40.14799010442166, 40.41968172293351, 12.476817523430142, 12.61564686645417, 40.04215771519926, 40.17061317163339, 9.826034249068426]
greedy credit choice
evaluate reward 99.4
159 [0 4 8 3 7 1 2] [42.267371188130944, 40.4667239058728, 39.77724502490094, 40.74051020337744, 41.00948490570418, 12.476817523430142, 12.61564686645417, 40.635736138047264, 40.76290703991706, 9.826034249068426]
greedy credit choice
evaluate reward 68.0
160 [0 4 8 3 7 1 2] [42.524697476249635, 40.74205666681407, 40.059472574651934, 41.01310510134367, 41.27939005664714, 12.476817523430142, 12.61564686645417, 40.90937877666679, 41.03527796951789, 9.826034249068426]
greedy credit choice
evaluate reward 60.4
161 [0 4 8 3 7 1 2] [42.70345050148714, 40.938636100145935, 40.26287784890542, 41.20697405033023, 41.47059615608067, 12.476817523430142, 12.61564686645417, 41.104284988900126, 41.22892518982271, 9.826034249068426]
greedy credit choice
evaluate reward 87.4
162 [0 4 8 3 7 1 2] [43.15041599647227, 41.40324973914448, 40.73424907041636, 41.66890430982693, 41.929890194519864, 12.476817523430142, 12.61564686645417, 41.56724213901113, 41.69063593792448, 9.826034249068426]
greedy credit choice
evaluate reward 119.8
163 [0 4 8 3 7 1 2] [43.916911836507545, 42.18721724175303, 41.524906579712194, 42.45021526672866, 42.70859129257467, 12.476817523430142, 12.61564686645417, 42.349569717621016, 42.47172957854524, 9.826034249068426]
greedy credit choice
evaluate reward 68.8
164 [0 4 8 3 7 1 2] [44.16574271814247, 42.453345069335505, 41.79765751391507, 42.71371311406138, 42.96950537964892, 12.476817523430142, 12.61564686645417, 42.614074020444804, 42.73501228275978, 9.826034249068426]
greedy credit choice
evaluate reward 87.2
165 [0 4 8 3 7 1 2] [44.59608529096104, 42.90081161864215, 42.25168093877592, 43.158575982920766, 43.411810325852436, 12.476817523430142, 12.61564686645417, 43.05993328024036, 43.179662159932185, 9.826034249068426]
greedy credit choice
evaluate reward 94.6
166 [0 4 8 3 7 1 2] [45.09612443805143, 43.41780350245573, 42.77516412938816, 43.67299022309156, 43.923692222593914, 12.476817523430142, 12.61564686645417, 43.575333947437954, 43.693865538332865, 9.826034249068426]
greedy credit choice
evaluate reward 56.4
167 [0 4 8 3 7 1 2] [45.20916319367092, 43.547625467431175, 42.91141248809428, 43.800260320860644, 44.048455300367976, 12.476817523430142, 12.61564686645417, 43.70358060796357, 43.820926882949536, 9.826034249068426]
greedy credit choice
evaluate reward 90.6
168 [0 4 8 3 7 1 2] [45.663071561734206, 44.01814921275686, 43.38829836321334, 44.26825771765204, 44.5139707473643, 12.476817523430142, 12.61564686645417, 44.17254480188394, 44.28871761412004, 9.826034249068426]
greedy credit choice
evaluate reward 68.0
169 [0 4 8 3 7 1 2] [45.88644084611686, 44.25796772062929, 43.634415379581206, 44.50557514047552, 44.74883103989065, 12.476817523430142, 12.61564686645417, 44.4108193538651, 44.52583043797884, 9.826034249068426]
greedy credit choice
evaluate reward 86.8
170 [0 4 8 3 7 1 2] [46.2955764376557, 44.683388043422994, 44.06607122578539, 44.928519389070765, 45.169342729491746, 12.476817523430142, 12.61564686645417, 44.83471116032645, 44.94857213359905, 9.826034249068426]
greedy credit choice
evaluate reward 84.4
171 [0 4 8 3 7 1 2] [46.67662067327914, 45.08055416298876, 44.46941051352754, 45.323234195180056, 45.56164930219683, 12.476817523430142, 12.61564686645417, 45.23036404872318, 45.34308641226306, 9.826034249068426]
greedy credit choice
evaluate reward 95.8
172 [0 4 8 3 7 1 2] [47.167854466546345, 45.58774862135888, 44.982716408392264, 45.82800185322826, 46.06403280917486, 12.476817523430142, 12.61564686645417, 45.73606040823595, 45.84765554814043, 9.826034249068426]
greedy credit choice
evaluate reward 52.6
173 [0 4 8 3 7 1 2] [47.22217592188088, 45.657871135145285, 45.05888924430834, 45.895721834695976, 46.129392481083116, 12.476817523430142, 12.61564686645417, 45.80469980415359, 45.91517899265902, 9.826034249068426]
greedy credit choice
evaluate reward 70.8
174 [0 4 8 3 7 1 2] [47.45795416266208, 45.90929242379383, 45.31630035186526, 46.144764616349015, 46.37609855627228, 12.476817523430142, 12.61564686645417, 46.05465280611206, 46.164027202732434, 9.826034249068426]
greedy credit choice
evaluate reward 89.0
175 [0 4 8 3 7 1 2] [47.87337462103545, 46.340199499555894, 45.753137348346606, 46.57331697018552, 46.80233757070956, 12.476817523430142, 12.61564686645417, 46.48410627805094, 46.59238693070511, 9.826034249068426]
greedy credit choice
evaluate reward 83.0
176 [0 4 8 3 7 1 2] [48.2246408748251, 46.706797504560335, 46.12560597486314, 46.937583800483665, 47.16431419500247, 12.476817523430142, 12.61564686645417, 46.84926521527043, 46.95646306139806, 9.826034249068426]
greedy credit choice
evaluate reward 79.2
177 [0 4 8 3 7 1 2] [48.53439446607685, 47.031729529514735, 46.45634991511451, 47.26020796247883, 47.484671053052445, 12.476817523430142, 12.61564686645417, 47.172772563117725, 47.27889843078408, 9.826034249068426]
greedy credit choice
evaluate reward 121.2
178 [0 4 8 3 7 1 2] [49.26105052141608, 47.773412234219585, 47.203786415963364, 47.99960588285404, 48.22182434252192, 12.476817523430142, 12.61564686645417, 47.913044837486545, 48.01810944647624, 9.826034249068426]
greedy credit choice
evaluate reward 125.4
179 [0 4 8 3 7 1 2] [50.02244001620192, 48.54967811187739, 47.98574855180373, 48.7736098240255, 48.9936060990967, 12.476817523430142, 12.61564686645417, 48.68791438911168, 48.791928352011475, 9.826034249068426]
greedy credit choice
evaluate reward 134.2
180 [0 4 8 3 7 1 2] [50.8642156160399, 49.40618133075861, 48.84789106628569, 49.62787372578524, 49.84567003810574, 12.476817523430142, 12.61564686645417, 49.543035245220565, 49.64600906849136, 9.826034249068426]
greedy credit choice
evaluate reward 105.6
181 [0 4 8 3 7 1 2] [51.4115734598795, 49.96811951745103, 49.41541215562283, 50.18759498852739, 50.40321333772468, 12.476817523430142, 12.61564686645417, 50.10360489276836, 50.205548977806444, 9.826034249068426]
greedy credit choice
evaluate reward 116.2
182 [0 4 8 3 7 1 2] [52.0594577252807, 50.63043832227652, 50.0832580340666, 50.84771903864211, 51.061181204347434, 12.476817523430142, 12.61564686645417, 50.76456884384068, 50.86549348802838, 9.826034249068426]
greedy credit choice
evaluate reward 119.6
183 [0 4 8 3 7 1 2] [52.73486314802789, 51.320133939053754, 50.77842545372594, 51.53524184825569, 51.74656939230396, 12.476817523430142, 12.61564686645417, 51.452923155402274, 51.55283855314809, 9.826034249068426]
greedy credit choice
evaluate reward 151.0
184 [0 4 8 3 7 1 2] [53.71751451654761, 52.31693259966322, 51.78064119918868, 52.52988942977313, 52.73910369838092, 12.476817523430142, 12.61564686645417, 52.44839392384825, 52.54731016761661, 9.826034249068426]
greedy credit choice
evaluate reward 54.8
185 [0 4 8 3 7 1 2] [53.728339371382134, 52.34176327366659, 51.81083478719679, 52.552590535475396, 52.75971266139712, 12.476817523430142, 12.61564686645417, 52.471909984609766, 52.56983706594044, 9.826034249068426]
greedy credit choice
evaluate reward 109.0
186 [0 4 8 3 7 1 2] [54.28105597766831, 52.90834564092992, 52.38272643932482, 53.117064630120645, 53.322115534783144, 12.476817523430142, 12.61564686645417, 53.03719088476367, 53.13413869528104, 9.826034249068426]
greedy credit choice
evaluate reward 106.4
187 [0 4 8 3 7 1 2] [54.802245417891626, 53.44326218452063, 52.92289917493157, 53.64989398381944, 53.85289437943531, 12.476817523430142, 12.61564686645417, 53.57081897591603, 53.66679730832823, 9.826034249068426]
greedy credit choice
evaluate reward 144.0
188 [0 4 8 3 7 1 2] [55.69422296371271, 54.34882956267542, 53.83367018318226, 54.55339504398125, 54.754365435640956, 12.476817523430142, 12.61564686645417, 54.475110786156876, 54.57012933524494, 9.826034249068426]
greedy credit choice
evaluate reward 138.4
189 [0 4 8 3 7 1 2] [56.52128073407558, 55.18934126704867, 54.67933348135043, 55.391861093541436, 55.590821781284546, 12.476817523430142, 12.61564686645417, 55.314359678295304, 55.40842804189249, 9.826034249068426]
greedy credit choice
evaluate reward 101.4
190 [0 4 8 3 7 1 2] [56.97006792673483, 55.65144785437818, 55.14654014653693, 55.85194248260602, 56.0489135634717, 12.476817523430142, 12.61564686645417, 55.775216081512355, 55.86834376147357, 9.826034249068426]
greedy credit choice
evaluate reward 110.0
191 [0 4 8 3 7 1 2] [57.50036724746748, 56.1949333758344, 55.69507474507156, 56.39342305777996, 56.58842442783698, 12.476817523430142, 12.61564686645417, 56.31746392069723, 56.40966032385883, 9.826034249068426]
greedy credit choice
evaluate reward 92.8
192 [0 4 8 3 7 1 2] [57.853363574992805, 56.56098404207606, 56.06612399762084, 56.75748882720216, 56.950540183558616, 12.476817523430142, 12.61564686645417, 56.682289281490256, 56.77356372062024, 9.826034249068426]
greedy credit choice
evaluate reward 111.0
193 [0 4 8 3 7 1 2] [58.38482993924288, 57.105374201655295, 56.615462757644636, 57.29991393893014, 57.49103478172303, 12.476817523430142, 12.61564686645417, 57.22546638867535, 57.31582808341403, 9.826034249068426]
greedy credit choice
evaluate reward 127.6
194 [0 4 8 3 7 1 2] [59.07698163985045, 57.81032045963874, 57.32530813006819, 58.00291479954084, 58.1921244339058, 12.476817523430142, 12.61564686645417, 57.929211724788594, 58.01866980257989, 9.826034249068426]
greedy credit choice
evaluate reward 118.8
195 [0 4 8 3 7 1 2] [59.67421182345195, 58.42021725504235, 57.940055048767505, 58.61088565154543, 58.79820318956675, 12.476817523430142, 12.61564686645417, 58.53791960754071, 58.6264831045541, 9.826034249068426]
greedy credit choice
evaluate reward 135.2
196 [0 4 8 3 7 1 2] [60.42946970521743, 59.18801508249193, 58.71265449827983, 59.376776795029976, 59.56222115767108, 12.476817523430142, 12.61564686645417, 59.304540411465304, 59.392218273508554, 9.826034249068426]
greedy credit choice
evaluate reward 113.6
197 [0 4 8 3 7 1 2] [60.961175008165256, 59.73213493166701, 59.26152795329703, 59.919009027079674, 60.102598946094375, 12.476817523430142, 12.61564686645417, 59.84749500735065, 59.93429609077347, 9.826034249068426]
greedy credit choice
evaluate reward 134.4
198 [0 4 8 3 7 1 2] [61.6955632580836, 60.47881358235034, 60.01291267376406, 60.66381893680888, 60.84557295663343, 12.476817523430142, 12.61564686645417, 60.593020057277144, 60.67895312986574, 9.826034249068426]
greedy credit choice
evaluate reward 98.8
199 [0 4 8 3 7 1 2] [62.06660762550277, 60.862025446526836, 60.40078354702642, 61.04518074744079, 61.225117227067095, 12.476817523430142, 12.61564686645417, 60.97508985670437, 61.06016359856708, 9.826034249068426]
greedy credit choice
evaluate reward 97.4
200 [0 4 8 3 7 1 2] [62.41994154924774, 61.22740519206157, 60.770775711556155, 61.40872893996638, 61.586866054796424, 12.476817523430142, 12.61564686645417, 61.339338958137326, 61.42356196258141, 9.826034249068426]
greedy credit choice
evaluate reward 56.0
201 [0 4 8 3 7 1 2] [62.355742133755264, 61.175131140140955, 60.723067954440594, 61.35464165056672, 61.53099739424846, 12.476817523430142, 12.61564686645417, 61.28594556855595, 61.369326342955596, 9.826034249068426]
greedy credit choice
evaluate reward 106.2
202 [0 4 8 3 7 1 2] [62.79418471241771, 61.62537982873955, 61.17783727489619, 61.803095234061054, 61.977687420305976, 12.476817523430142, 12.61564686645417, 61.73508611287039, 61.81763307952604, 9.826034249068426]
greedy credit choice
evaluate reward 190.4
203 [0 4 8 3 7 1 2] [64.07024286529354, 62.913126030452155, 62.47005890214723, 63.08906428172045, 63.26191054610292, 12.476817523430142, 12.61564686645417, 63.02173525174169, 63.10345674873078, 9.826034249068426]
greedy credit choice
evaluate reward 136.4
204 [0 4 8 3 7 1 2] [64.7935404366406, 63.64799477014763, 63.209358313125755, 63.822173638903244, 63.99329144064189, 12.476817523430142, 12.61564686645417, 63.75551789922427, 63.83642218124347, 9.826034249068426]
greedy credit choice
evaluate reward 125.8
205 [0 4 8 3 7 1 2] [65.40360503227419, 64.26951482244615, 63.8352647299945, 64.4419519025142, 64.61135852623548, 12.476817523430142, 12.61564686645417, 64.37596272023202, 64.45605795943104, 9.826034249068426]
greedy credit choice
evaluate reward 152.6
206 [0 4 8 3 7 1 2] [66.27556898195144, 65.15281967422169, 64.72291208269455, 65.32353238348907, 65.49124494097312, 12.476817523430142, 12.61564686645417, 65.2582030930297, 65.33749737983672, 9.826034249068426]
greedy credit choice
evaluate reward 100.8
207 [0 4 8 3 7 1 2] [66.62081329213193, 65.50929147747948, 65.08368296186761, 65.67829705965417, 65.84433249156339, 12.476817523430142, 12.61564686645417, 65.61362106209941, 65.69212240603835, 9.826034249068426]
greedy credit choice
evaluate reward 103.2
208 [0 4 8 3 7 1 2] [66.98660515921061, 65.88619856270468, 65.46484613224894, 66.05351408905763, 66.21788916664777, 12.476817523430142, 12.61564686645417, 65.98948485147842, 66.06720118197796, 9.826034249068426]
greedy credit choice
evaluate reward 101.4
209 [0 4 8 3 7 1 2] [67.33073910761851, 66.24133657707763, 65.82419767092645, 66.40697894816705, 66.56971027498129, 12.476817523430142, 12.61564686645417, 66.34359000296364, 66.42052917015819, 9.826034249068426]
greedy credit choice
evaluate reward 128.6
210 [0 4 8 3 7 1 2] [67.94343171654232, 66.86492321130686, 66.45195569421719, 67.02890915868538, 67.19001317223147, 12.476817523430142, 12.61564686645417, 66.966154102934, 67.04232387845661, 9.826034249068426]
greedy credit choice
evaluate reward 120.2
211 [0 4 8 3 7 1 2] [68.4659973993769, 67.39827397919379, 66.98943613727502, 67.56062006709853, 67.72011304050916, 12.476817523430142, 12.61564686645417, 67.49849256190465, 67.57390063967205, 9.826034249068426]
greedy credit choice
evaluate reward 156.4
212 [0 4 8 3 7 1 2] [69.34533742538314, 68.28829123940186, 67.88354177590227, 68.44901386642753, 68.60691191010407, 12.476817523430142, 12.61564686645417, 68.3875076362856, 68.46216163327533, 9.826034249068426]
greedy credit choice
evaluate reward 111.8
213 [0 4 8 3 7 1 2] [69.76988405112931, 68.72340832700785, 68.32270635814325, 68.88252372776326, 69.03884279100303, 12.476817523430142, 12.61564686645417, 68.82163255992275, 68.89554001694258, 9.826034249068426]
greedy credit choice
evaluate reward 139.6
214 [0 4 8 3 7 1 2] [70.46818521061802, 69.43217424373776, 69.03547929456182, 69.58969849048563, 69.744454363093, 12.476817523430142, 12.61564686645417, 69.52941623432352, 69.60258461677314, 9.826034249068426]
greedy credit choice
evaluate reward 136.2
215 [0 4 8 3 7 1 2] [71.12550335851184, 70.09985250130039, 69.7071245016162, 70.25580150558078, 70.40900981946207, 12.476817523430142, 12.61564686645417, 70.19612207198028, 70.26855877060541, 9.826034249068426]
greedy credit choice
evaluate reward 128.0
216 [0 4 8 3 7 1 2] [71.69424832492672, 70.67885397628739, 70.29005325660005, 70.83324349052496, 70.98491972126745, 12.476817523430142, 12.61564686645417, 70.77416085126048, 70.84587318289935, 9.826034249068426]
greedy credit choice
evaluate reward 126.4
217 [0 4 8 3 7 1 2] [72.24130584167744, 71.23606543652451, 70.85115272403405, 71.38891105561972, 71.53907052405476, 12.476817523430142, 12.61564686645417, 71.33041924274787, 71.40141445107037, 9.826034249068426]
greedy credit choice
evaluate reward 109.0
218 [0 4 8 3 7 1 2] [72.60889278326067, 71.61370478215926, 71.23264119679371, 71.76502194506352, 71.91367981881422, 12.476817523430142, 12.61564686645417, 71.70711505032038, 71.77740030655966, 9.826034249068426]
greedy credit choice
evaluate reward 103.8
219 [0 4 8 3 7 1 2] [72.92080385542806, 71.93556773433767, 71.55831478482577, 72.08537172561289, 72.23254302062607, 12.476817523430142, 12.61564686645417, 72.02804389981718, 72.09762630349405, 9.826034249068426]
greedy credit choice
evaluate reward 161.8
220 [0 4 8 3 7 1 2] [73.80959581687378, 72.83421205699429, 72.46073163697751, 72.98251800835676, 73.12821759041981, 12.476817523430142, 12.61564686645417, 72.925763460819, 72.9946500404591, 9.826034249068426]
greedy credit choice
evaluate reward 123.8
221 [0 4 8 3 7 1 2] [74.30949985870504, 73.34386993642434, 72.97412432060774, 73.4906928282732, 73.63493541451561, 12.476817523430142, 12.61564686645417, 73.43450582621081, 73.50270354005451, 9.826034249068426]
greedy credit choice
evaluate reward 157.8
222 [0 4 8 3 7 1 2] [75.14440486011799, 74.1884312370601, 73.82238307740167, 74.33378589999046, 74.47658606037045, 12.476817523430142, 12.61564686645417, 74.2781607679487, 74.34567650465397, 9.826034249068426]
greedy credit choice
evaluate reward 145.4
223 [0 4 8 3 7 1 2] [75.84696081151681, 74.9005469246895, 74.53815924662766, 75.04444804099056, 75.18582019976675, 12.476817523430142, 12.61564686645417, 74.98937916026922, 75.05621973960743, 9.826034249068426]
greedy credit choice
evaluate reward 103.4
224 [0 4 8 3 7 1 2] [76.12249120340164, 75.1855414554426, 74.82677765416138, 75.32800356058065, 75.46796199776908, 12.476817523430142, 12.61564686645417, 75.27348536866653, 75.33965754221136, 9.826034249068426]
greedy credit choice
evaluate reward 116.2
225 [0 4 8 3 7 1 2] [76.52326629136762, 75.59568604088818, 75.24050987761976, 75.73672352497485, 75.8752823777914, 12.476817523430142, 12.61564686645417, 75.68275051497986, 75.74826096678925, 9.826034249068426]
greedy credit choice
evaluate reward 113.8
226 [0 4 8 3 7 1 2] [76.89603362845395, 75.9777291804793, 75.62610477884355, 76.1173562897251, 76.25452955401347, 12.476817523430142, 12.61564686645417, 76.06392300983006, 76.12877835712135, 9.826034249068426]
greedy credit choice
evaluate reward 161.2
227 [0 4 8 3 7 1 2] [77.73907329216941, 76.82995188867451, 76.48184373105512, 76.96818272682785, 77.10398425847333, 12.476817523430142, 12.61564686645417, 76.91528377973177, 76.97949057355014, 9.826034249068426]
greedy credit choice
evaluate reward 73.8
228 [0 4 8 3 7 1 2] [77.69968255924772, 76.79965236978776, 76.45502529374457, 76.93650089955958, 77.0709444158886, 12.476817523430142, 12.61564686645417, 76.88413094193444, 76.94769566781464, 9.826034249068426]
greedy credit choice
evaluate reward 138.2
229 [0 4 8 3 7 1 2] [78.30468573365525, 77.41365584608988, 77.07247504080712, 77.54913589056397, 77.68223497172971, 12.476817523430142, 12.61564686645417, 77.4972896325151, 77.5602187111365, 9.826034249068426]
greedy credit choice
evaluate reward 114.0
230 [0 4 8 3 7 1 2] [78.66163887631869, 77.77951928762899, 77.44175029039904, 77.91364453165833, 78.04541262201242, 12.476817523430142, 12.61564686645417, 77.86231673618995, 77.92461652402514, 9.826034249068426]
greedy credit choice
evaluate reward 112.4
231 [0 4 8 3 7 1 2] [78.99902248755551, 78.1257240947527, 77.79133278749505, 78.25850808634175, 78.3889584957923, 12.476817523430142, 12.61564686645417, 78.20769356882805, 78.26937035878488, 9.826034249068426]
greedy credit choice
evaluate reward 138.8
232 [0 4 8 3 7 1 2] [79.59703226267995, 78.73246685380518, 78.4014194596201, 78.86392300547833, 78.99306891083437, 12.476817523430142, 12.61564686645417, 78.81361663313977, 78.87467665519704, 9.826034249068426]
greedy credit choice
evaluate reward 160.6
233 [0 4 8 3 7 1 2] [80.40706194005314, 79.55114218526712, 79.2234052650239, 79.68128377542354, 79.80913822172603, 12.476817523430142, 12.61564686645417, 79.63148046680837, 79.69192988864506, 9.826034249068426]
greedy credit choice
evaluate reward 105.8
234 [0 4 8 3 7 1 2] [80.66099132065261, 79.81363076341445, 79.48917121237366, 79.9424709376693, 80.06904683950877, 12.476817523430142, 12.61564686645417, 79.89316566214029, 79.95301058975862, 9.826034249068426]
greedy credit choice
evaluate reward 134.6
235 [0 4 8 3 7 1 2] [81.20038140744609, 80.3614944557803, 80.04027950024992, 80.48904622829261, 80.61435637111369, 12.476817523430142, 12.61564686645417, 80.44023400551889, 80.49948048386103, 9.826034249068426]
greedy credit choice
evaluate reward 136.2
236 [0 4 8 3 7 1 2] [81.75037759337162, 80.9198795112225, 80.60187670524742, 81.04615576600968, 81.17021280740255, 12.476817523430142, 12.61564686645417, 80.99783166546369, 81.05648567902243, 9.826034249068426]
greedy credit choice
evaluate reward 152.6
237 [0 4 8 3 7 1 2] [82.4588738174379, 81.63668071611028, 81.32185793819495, 81.76169420834958, 81.88451067932853, 12.476817523430142, 12.61564686645417, 81.71385334880905, 81.7719208222322, 9.826034249068426]
greedy credit choice
evaluate reward 143.2
238 [0 4 8 3 7 1 2] [83.06628507926352, 82.25231390894918, 81.940639358813, 82.37607726626608, 82.49766557253524, 12.476817523430142, 12.61564686645417, 82.32871481532096, 82.38620161400988, 9.826034249068426]
greedy credit choice
evaluate reward 166.2
239 [0 4 8 3 7 1 2] [83.8976222284709, 83.09179076985968, 82.78323296522487, 83.21431649360342, 83.33468891680988, 12.476817523430142, 12.61564686645417, 83.16742766716776, 83.22433959786977, 9.826034249068426]
greedy credit choice
evaluate reward 162.2
240 [0 4 8 3 7 1 2] [84.68064600618618, 83.8828728621611, 83.57740063557262, 84.00417332866739, 84.12334202764178, 12.476817523430142, 12.61564686645417, 83.95775339049608, 84.01409620189108, 9.826034249068426]
worker_credit [84.68064600618618, 83.8828728621611, 83.57740063557262, 84.00417332866739, 84.12334202764178, 12.476817523430142, 12.61564686645417, 83.95775339049608, 84.01409620189108, 9.826034249068426]
sort credit num [0 4 8 3 7 1 2 6 5 9]
