C:\Users\Zero\AppData\Local\conda\conda\envs\pytorchGPU\python.exe D:/RL/parallelRL/standard_MAB/discrete_a3c.py
greedy credit choice
evaluate reward 21.2
0 [0 2 3 4 5 6 7] [0.212, 0, 0.212, 0.212, 0.212, 0.212, 0.212, 0.212, 0, 0]
random_choice
evaluate reward 22.6
1 [0 7 8 9 2 4 1] [0.43588000000000005, 0.226, 0.43588000000000005, 0.212, 0.43588000000000005, 0.212, 0.212, 0.43588000000000005, 0.226, 0.226]
greedy credit choice
evaluate reward 26.2
2 [0 4 2 7 9 8 1] [0.6935212000000001, 0.48574000000000006, 0.6935212000000001, 0.212, 0.6935212000000001, 0.212, 0.212, 0.6935212000000001, 0.48574000000000006, 0.48574000000000006]
random_choice
evaluate reward 29.0
3 [0 8 2 6 5 1 4] [0.9765859880000001, 0.7708826000000001, 0.9765859880000001, 0.212, 0.9765859880000001, 0.49988, 0.49988, 0.6935212000000001, 0.7708826000000001, 0.48574000000000006]
greedy credit choice
evaluate reward 19.0
4 [0 4 2 1 8 7 6] [1.1568201281200001, 0.9531737740000001, 1.1568201281200001, 0.212, 1.1568201281200001, 0.49988, 0.6848812, 0.8765859880000001, 0.9531737740000001, 0.48574000000000006]
random_choice
evaluate reward 33.0
5 [0 3 2 5 9 4 8] [1.4752519268388, 0.9531737740000001, 1.4752519268388, 0.5398799999999999, 1.4752519268388, 0.8248812000000001, 0.6848812, 0.8765859880000001, 1.27364203626, 0.8108826]
greedy credit choice
evaluate reward 16.4
6 [0 4 2 8 1 7 5] [1.624499407570412, 1.1076420362600001, 1.624499407570412, 0.5398799999999999, 1.624499407570412, 0.9806323880000001, 0.6848812, 1.0318201281200001, 1.4249056158974, 0.8108826]
greedy credit choice
evaluate reward 21.4
7 [0 4 2 8 1 7 5] [1.8222544134947078, 1.3105656158974002, 1.8222544134947078, 0.5398799999999999, 1.8222544134947078, 1.1848260641200001, 0.6848812, 1.2355019268388001, 1.6246565597384262, 0.8108826]
random_choice
evaluate reward 23.0
8 [0 9 6 1 7 4 3] [2.0340318693597608, 1.5274599597384262, 1.8222544134947078, 0.7644811999999999, 2.0340318693597608, 1.1848260641200001, 0.908032388, 1.4531469075704122, 1.6246565597384262, 1.032773774]
random_choice
evaluate reward 28.6
9 [0 2 8 3 1 7 5] [2.299691550666163, 1.798185360141042, 2.090031869359761, 1.042836388, 2.0340318693597608, 1.4589778034788001, 0.908032388, 1.724615438494708, 1.894409994141042, 1.032773774]
random_choice
evaluate reward 20.2
10 [0 3 4 1 5 8 7] [2.4786946351595014, 1.9822035065396317, 2.090031869359761, 1.23440802412, 2.215691550666163, 1.6463880254440122, 0.908032388, 1.909369284109761, 2.0774658941996313, 1.032773774]
random_choice
evaluate reward 49.8
11 [0 5 3 4 1 8 9] [2.9519076888079065, 2.4603814714742356, 2.090031869359761, 1.7200639438788, 2.6915346351595013, 2.127924145189572, 0.908032388, 1.909369284109761, 2.5546912352576348, 1.52044603626]
greedy credit choice
evaluate reward 32.8
12 [0 4 8 1 5 2 7] [3.2503886119198273, 2.763777656759493, 2.3971315506661632, 1.7200639438788, 2.9926192888079064, 2.4346449037376763, 0.908032388, 2.218275591268663, 2.857144322905058, 1.52044603626]
random_choice
evaluate reward 27.6
13 [0 9 2 3 5 7 6] [3.493884725800629, 2.763777656759493, 2.649160235159502, 1.978863304440012, 2.9926192888079064, 2.6862984547002995, 1.17495206412, 2.4720928353559763, 2.857144322905058, 1.7812415758974]
greedy credit choice
evaluate reward 21.4
14 [0 4 8 1 5 2 7] [3.6729458785426226, 2.950139880191898, 2.836668632807907, 1.978863304440012, 3.1766930959198274, 2.8734354701532965, 1.17495206412, 2.6613719070024167, 3.0425728796760074, 1.7812415758974]
greedy credit choice
evaluate reward 37.6
15 [0 4 8 1 5 2 7] [4.012216419757197, 3.296638481389979, 3.184301946479828, 1.978863304440012, 3.520926164960629, 3.2207011154517637, 1.17495206412, 3.0107581879323924, 3.3881471508792473, 1.7812415758974]
greedy credit choice
evaluate reward 27.8
16 [0 4 8 1 5 2 7] [4.250094255559625, 3.5416720965760793, 3.43045892701503, 1.978863304440012, 3.7637169033110225, 3.466494104297246, 1.17495206412, 3.2586506060530684, 3.632265679370455, 1.7812415758974]
random_choice
evaluate reward 28.2
17 [0 5 3 1 6 9 7] [4.489593313004028, 3.7882553756103183, 3.43045892701503, 2.241074671395612, 3.7637169033110225, 3.7138291632542733, 1.4452025434788, 3.508064099992538, 3.632265679370455, 2.045429160138426]
greedy credit choice
evaluate reward 28.4
18 [0 1 4 5 8 7 2] [4.728697379873988, 4.034372821854215, 3.6801543377448795, 2.241074671395612, 4.010079734277912, 3.9606908716217304, 1.4452025434788, 3.7569834589926123, 3.87994302257675, 2.045429160138426]
greedy credit choice
evaluate reward 21.0
19 [0 1 4 5 8 7 2] [4.891410406075248, 4.204029093635673, 3.8533527943674306, 2.241074671395612, 4.179978936935133, 4.131083962905513, 1.4452025434788, 3.9294136244026863, 4.051143592350983, 2.045429160138426]
random_choice
evaluate reward 32.0
20 [0 6 1 4 9 5 3] [5.162496302014495, 4.481988802699316, 3.8533527943674306, 2.538663924681656, 4.458179147565782, 4.409773123276458, 1.7507505180440122, 3.9294136244026863, 4.051143592350983, 2.344974868537042]
greedy credit choice
evaluate reward 25.8
21 [0 1 4 5 8 7 2] [5.36887133899435, 4.6951689146723234, 4.072819266423756, 2.538663924681656, 4.671597356090125, 4.623675392043693, 1.7507505180440122, 4.14811948815866, 4.268632156427473, 2.344974868537042]
greedy credit choice
evaluate reward 38.2
22 [0 1 4 5 8 7 2] [5.697182625604407, 5.0302172255256, 4.4140910737595185, 2.538663924681656, 5.006881382529223, 4.959438638123256, 1.7507505180440122, 4.488638293277073, 4.607945834863198, 2.344974868537042]
greedy credit choice
evaluate reward 29.0
23 [0 1 4 5 8 7 2] [5.930210799348363, 5.269915053270345, 4.659950163021923, 2.538663924681656, 5.246812568703931, 5.199844251742023, 1.7507505180440122, 4.733751910344302, 4.851866376514566, 2.344974868537042]
greedy credit choice
evaluate reward 27.2
24 [0 1 4 5 8 7 2] [6.142908691354879, 5.489215902737641, 4.885350661391704, 2.538663924681656, 5.466344443016892, 5.419845809224603, 1.7507505180440122, 4.958414391240859, 5.075347712749421, 2.344974868537042]
greedy credit choice
evaluate reward 19.4
25 [0 1 4 5 8 7 2] [6.275479604441331, 5.628323743710264, 5.030497154777787, 2.538663924681656, 5.605680998586723, 5.559647351132357, 1.7507505180440122, 5.10283024732845, 5.218594235621927, 2.344974868537042]
random_choice
evaluate reward 24.2
26 [0 1 7 2 6 9 3] [6.454724808396917, 5.8140405062731615, 5.222192183230009, 2.7552772854348393, 5.605680998586723, 5.559647351132357, 1.975243012863572, 5.293801944855166, 5.218594235621927, 2.5635251198516715]
greedy credit choice
evaluate reward 23.0
27 [0 1 4 5 7 2 8] [6.620177560312948, 5.98590010121043, 5.3999702613977085, 2.7552772854348393, 5.779624188600856, 5.7340508776210335, 1.975243012863572, 5.470863925406614, 5.396408293265708, 2.5635251198516715]
greedy credit choice
evaluate reward 37.0
28 [0 1 4 5 7 2 8] [6.9239757847098184, 6.296041100198326, 5.715970558783732, 2.7552772854348393, 6.091827946714847, 6.046710368844823, 1.975243012863572, 5.786155286152548, 5.712444210333051, 2.5635251198516715]
greedy credit choice
evaluate reward 33.4
29 [0 1 4 5 7 2 8] [7.1887360268627205, 6.5670806891963425, 5.992810853195895, 2.7552772854348393, 6.364909667247699, 6.320243265156375, 1.975243012863572, 6.062293733291022, 5.989319768229721, 2.5635251198516715]
greedy credit choice
evaluate reward 31.4
30 [0 1 4 5 7 2 8] [7.430848666594093, 6.815409882304379, 6.246882744663936, 2.7552772854348393, 6.615260570575222, 6.571040832504811, 1.975243012863572, 6.315670795958112, 6.243426570547424, 2.5635251198516715]
greedy credit choice
evaluate reward 34.0
31 [0 1 4 5 7 2 8] [7.696540179928152, 7.087255783481335, 6.524413917217297, 2.7552772854348393, 6.88910796486947, 6.845330424179763, 1.975243012863572, 6.592514087998531, 6.52099230484195, 2.5635251198516715]
greedy credit choice
evaluate reward 29.0
32 [0 1 4 5 7 2 8] [7.909574778128871, 7.306383225646521, 6.749169778045124, 2.7552772854348393, 7.110216885220775, 7.066877119937965, 1.975243012863572, 6.816588947118546, 6.74578238179353, 2.5635251198516715]
greedy credit choice
evaluate reward 33.6
33 [0 1 4 5 7 2 8] [8.166479030347583, 7.569319393390056, 7.017678080264672, 2.7552772854348393, 7.375114716368567, 7.332208348738585, 1.975243012863572, 7.08442305764736, 7.014324557975595, 2.5635251198516715]
greedy credit choice
evaluate reward 38.8
34 [0 1 4 5 7 2 8] [8.472814240044107, 7.881626199456155, 7.335501299462026, 2.7552772854348393, 7.689363569204882, 7.646886265251199, 1.975243012863572, 7.401578827070886, 7.332181312395839, 2.5635251198516715]
greedy credit choice
evaluate reward 24.8
35 [0 1 4 5 7 2 8] [8.636086097643666, 8.050809937461594, 7.510146286467405, 2.7552772854348393, 7.8604699335128325, 7.818417402598687, 1.975243012863572, 7.575563038800177, 7.506859499271881, 2.5635251198516715]
random_choice
evaluate reward 53.4
36 [0 1 4 3 6 7 8] [9.08372523666723, 8.504301838086977, 7.510146286467405, 3.261724512580491, 8.315865234177704, 7.818417402598687, 2.4894905827349363, 8.033807408412175, 7.965790904279162, 2.5635251198516715]
random_choice
evaluate reward 42.6
37 [0 2 6 3 1 7 8] [9.418887984300557, 8.845258819706107, 7.8610448236027315, 3.655107267454686, 8.315865234177704, 7.818417402598687, 2.890595676907587, 8.379469334328054, 8.31213299523637, 2.5635251198516715]
random_choice
evaluate reward 23.0
38 [0 3 4 1 9 8 5] [9.554699104457551, 8.986806231509046, 7.8610448236027315, 3.848556194780139, 8.462706581835926, 7.9702332285727, 2.890595676907587, 8.379469334328054, 8.459011665284006, 2.767889868653155]
greedy credit choice
evaluate reward 29.2
39 [0 1 4 8 7 5 2] [9.751152113412976, 9.188938169193955, 8.074434375366705, 3.848556194780139, 8.670079516017566, 8.182530896286973, 2.890595676907587, 8.587674640984773, 8.666421548631165, 2.767889868653155]
random_choice
evaluate reward 26.2
40 [0 1 6 4 9 8 5] [9.915640592278846, 9.359048787502015, 8.074434375366705, 3.848556194780139, 8.84537872085739, 8.362705587324104, 3.123689720138511, 8.587674640984773, 8.841757333144853, 3.0022109699666233]
random_choice
evaluate reward 22.4
41 [0 7 5 2 4 9 1] [10.040484186356057, 9.489458299626994, 8.217690031613039, 3.848556194780139, 8.980924933648817, 8.503078531450862, 3.123689720138511, 8.725797894574924, 8.841757333144853, 3.196188860266957]
random_choice
evaluate reward 24.2
42 [0 2 8 6 3 9 1] [10.182079344492497, 9.636563716630725, 8.377513131296908, 4.052070632832337, 8.980924933648817, 8.503078531450862, 3.334452822937126, 8.725797894574924, 8.995339759813405, 3.4062269716642875]
random_choice
evaluate reward 23.0
43 [0 2 9 5 3 1 6] [10.310258551047571, 9.770198079464418, 8.52373799998394, 4.241549926504014, 8.980924933648817, 8.648047746136355, 3.531108294707755, 8.725797894574924, 8.995339759813405, 3.6021647019476446]
random_choice
evaluate reward 23.6
44 [0 4 8 9 6 3 7] [10.443155965537095, 9.770198079464418, 8.52373799998394, 4.435134427238974, 9.12711568431233, 8.648047746136355, 3.7317972117606772, 8.874539915629175, 9.14138636221527, 3.8021430549281683]
random_choice
evaluate reward 40.4
45 [0 7 5 8 1 6 9] [10.742724405881724, 10.076496098669773, 8.52373799998394, 4.435134427238974, 9.12711568431233, 8.965567268674992, 4.09847923964307, 9.189794516472883, 9.453972498593117, 4.168121624378887]
random_choice
evaluate reward 32.8
46 [0 1 6 9 3 5 2] [10.963297161822906, 10.303731137683076, 8.7665006199841, 4.718783082966584, 9.12711568431233, 9.203911595988242, 4.385494447246639, 9.189794516472883, 9.453972498593117, 4.454440408135097]
random_choice
evaluate reward 54.8
47 [0 5 7 3 2 9 4] [11.401664190204677, 10.303731137683076, 9.226835613784258, 5.219595252136918, 9.583844527469205, 9.659872480028358, 4.385494447246639, 9.645896571308155, 9.453972498593117, 4.9578960040537465]
random_choice
evaluate reward 31.6
48 [0 6 9 3 2 1 4] [11.60364754830263, 10.516693826306245, 9.450567257646416, 5.48339929961555, 9.804006082194514, 9.659872480028358, 4.657639502774173, 9.645896571308155, 9.453972498593117, 5.224317044013209]
random_choice
evaluate reward 23.4
49 [0 1 8 4 5 3 6] [11.721611072819604, 10.645526888043182, 9.450567257646416, 5.662565306619394, 9.939966021372568, 9.797273755228074, 4.845063107746431, 9.645896571308155, 9.593432773607185, 5.224317044013209]
greedy credit choice
evaluate reward 33.4
50 [0 1 4 5 7 8 2] [11.938394962091408, 10.87307161916275, 9.690061585069952, 5.662565306619394, 10.174566361158842, 10.033301017675793, 4.845063107746431, 9.883437605595073, 9.831498445871114, 5.224317044013209]
greedy credit choice
evaluate reward 38.8
51 [0 1 4 5 7 8 2] [12.207011012470494, 11.152340902971122, 9.981160969219252, 5.662565306619394, 10.460820697547254, 10.320968007499035, 4.845063107746431, 10.172603229539122, 10.121183461412404, 5.224317044013209]
random_choice
evaluate reward 14.4
52 [0 3 4 2 5 6 7] [12.228940902345789, 11.152340902971122, 10.025349359527059, 5.7499396535531995, 10.500212490571782, 10.361758327424045, 4.940612476668966, 10.214877197243732, 10.121183461412404, 5.224317044013209]
random_choice
evaluate reward 50.2
53 [0 2 8 5 4 1 3] [12.60865149332233, 11.542817493941412, 10.427095865931788, 6.194440257017668, 10.897210365666064, 10.760140744149805, 4.940612476668966, 10.214877197243732, 10.52197162679828, 5.224317044013209]
random_choice
evaluate reward 37.0
54 [0 3 5 9 8 1 6] [12.852564978389108, 11.797389319001997, 10.427095865931788, 6.502495854447491, 10.897210365666064, 11.022539336708306, 5.261206351902277, 10.214877197243732, 10.786751910530297, 5.542073873573077]
random_choice
evaluate reward 36.8
55 [0 8 9 1 7 2 3] [13.092039328605216, 12.047415425811977, 10.69082490727247, 6.805470895903016, 10.897210365666064, 11.022539336708306, 5.261206351902277, 10.480728425271295, 11.046884391424994, 5.8546531348373465]
greedy credit choice
evaluate reward 36.8
56 [0 1 8 5 4 2 7] [13.329118935319164, 12.294941271553856, 10.951916658199744, 6.805470895903016, 11.156238262009403, 11.280313943341223, 5.261206351902277, 10.743921141018582, 11.304415547510745, 5.8546531348373465]
random_choice
evaluate reward 34.4
57 [0 3 5 8 6 9 7] [13.539827745965972, 12.294941271553856, 10.951916658199744, 7.0814161869439864, 11.156238262009403, 11.511510803907811, 5.552594288383254, 10.980481929608397, 11.535371392035637, 6.140106603488973]
random_choice
evaluate reward 35.4
58 [0 2 4 9 5 1 6] [13.758429468506312, 12.525991858838317, 11.196397491617747, 7.0814161869439864, 11.398675879389309, 11.750395695868733, 5.851068345499422, 10.980481929608397, 11.535371392035637, 6.432705537454083]
random_choice
evaluate reward 39.4
59 [0 2 5 3 1 8 9] [14.01484517382125, 12.794731940249934, 11.47843351670157, 7.404602025074547, 11.398675879389309, 12.026891738910045, 5.851068345499422, 10.980481929608397, 11.814017678115281, 6.7623784820795425]
greedy credit choice
evaluate reward 30.8
60 [0 1 5 8 2 4 7] [14.182696722083037, 12.974784620847434, 11.671649181534553, 7.404602025074547, 11.592689120595416, 12.214622821520944, 5.851068345499422, 11.178677110312313, 12.003877501334129, 6.7623784820795425]
greedy credit choice
evaluate reward 52.0
61 [0 1 5 8 2 4 7] [14.560869754862207, 13.36503677463896, 12.074932689719208, 7.404602025074547, 11.996762229389462, 12.612476593305734, 5.851068345499422, 11.586890339209189, 12.403838726320787, 6.7623784820795425]
random_choice
evaluate reward 46.2
62 [0 3 2 6 1 9 5] [14.877261057313584, 13.69338640689257, 12.416183362822016, 7.792556004823801, 11.996762229389462, 12.948351827372678, 6.254557662044427, 11.586890339209189, 12.403838726320787, 7.156754697258747]
greedy credit choice
evaluate reward 40.2
63 [0 1 5 2 8 4 7] [15.130488446740449, 13.958452542823643, 12.694021529193796, 7.792556004823801, 12.278794607095568, 13.22086830909895, 6.254557662044427, 11.873021435817098, 12.68180033905758, 7.156754697258747]
random_choice
evaluate reward 24.4
64 [0 6 4 9 7 8 3] [15.223183562273045, 13.958452542823643, 12.694021529193796, 7.958630444775563, 12.400006661024612, 13.22086830909895, 6.436012085423983, 11.998291221458926, 12.798982335667004, 7.32918715028616]
random_choice
evaluate reward 31.2
65 [0 4 1 6 5 3 7] [15.382951726650314, 14.130868017395407, 12.694021529193796, 8.191044140327808, 12.588006594414367, 13.400659626007961, 6.683651964569743, 12.190308309244337, 12.798982335667004, 7.32918715028616]
greedy credit choice
evaluate reward 41.4
66 [0 1 5 8 2 4 7] [15.64312220938381, 14.403559337221454, 12.981081313901857, 8.191044140327808, 12.876126528470223, 13.680653029747882, 6.683651964569743, 12.482405226151894, 13.084992512310334, 7.32918715028616]
random_choice
evaluate reward 32.6
67 [0 2 8 1 7 3 6] [15.812690987289972, 14.58552374384924, 13.17727050076284, 8.43513369892453, 12.876126528470223, 13.680653029747882, 6.942815444924046, 12.683581173890374, 13.280142587187232, 7.32918715028616]
random_choice
evaluate reward 50.6
68 [0 6 9 7 1 5 2] [16.16056407741707, 14.945668506410748, 13.55149779575521, 8.43513369892453, 12.876126528470223, 14.049846499450403, 7.3793872904748055, 13.062745362151471, 13.280142587187232, 7.761895278783298]
random_choice
evaluate reward 30.2
69 [0 5 8 4 3 7 6] [16.3009584366429, 14.945668506410748, 13.55149779575521, 8.652782361935284, 13.049365263185521, 14.211348034455899, 7.607593417570057, 13.234117908529957, 13.44934116131536, 7.761895278783298]
greedy credit choice
evaluate reward 50.2
70 [0 1 5 2 8 7 4] [16.639948852276472, 15.29821182134664, 13.91798281779766, 8.652782361935284, 13.420871610553666, 14.57123455411134, 7.607593417570057, 13.603776729444657, 13.816847749702205, 7.761895278783298]
random_choice
evaluate reward 42.2
71 [0 5 2 7 3 4 6] [16.89554936375371, 15.29821182134664, 14.200802989619683, 8.988254538315932, 13.70866289444813, 14.847522208570227, 7.953517483394357, 13.889738962150211, 13.816847749702205, 7.761895278783298]
greedy credit choice
evaluate reward 39.4
72 [0 1 5 2 7 8 4] [17.12059387011617, 15.539229703133174, 14.452794959723487, 8.988254538315932, 13.965576265503648, 15.093046986484525, 7.953517483394357, 14.144841572528708, 14.072679272205184, 7.761895278783298]
random_choice
evaluate reward 38.2
73 [0 9 5 2 8 1 4] [17.33138793141501, 15.765837406101841, 14.690267010126252, 8.988254538315932, 14.207920502848612, 15.32411651661968, 7.953517483394357, 14.144841572528708, 14.313952479483131, 8.066276325995466]
greedy credit choice
evaluate reward 32.2
74 [0 1 5 2 8 4 7] [17.480074052100857, 15.930179032040822, 14.865364340024989, 8.988254538315932, 14.387841297820126, 15.492875351453483, 7.953517483394357, 14.325393156803422, 14.492812954688299, 8.066276325995466]
greedy credit choice
evaluate reward 48.6
75 [0 1 5 2 8 4 7] [17.79127331157985, 16.256877241720414, 15.20271069662474, 8.988254538315932, 14.729962884841925, 15.823946597938948, 7.953517483394357, 14.668139225235388, 14.833884825141416, 8.066276325995466]
random_choice
evaluate reward 53.0
76 [0 2 3 9 8 4 6] [18.14336057846405, 16.256877241720414, 15.580683589658493, 9.428371992932773, 15.112663255993505, 15.823946597938948, 8.403982308560414, 14.668139225235388, 15.215545976890002, 8.515613562735512]
random_choice
evaluate reward 24.4
77 [0 4 1 3 2 6 7] [18.20592697267941, 16.33830846930321, 15.668876753761909, 9.578088273003445, 15.20553662343357, 15.823946597938948, 8.56394248547481, 14.765457832983033, 15.215545976890002, 8.515613562735512]
greedy credit choice
evaluate reward 35.6
78 [0 1 5 2 8 4 7] [18.379867702952616, 16.53092538461018, 15.86818798622429, 9.578088273003445, 15.409481257199234, 16.02170713195956, 8.56394248547481, 14.973803254653204, 15.419390517121101, 8.515613562735512]
greedy credit choice
evaluate reward 31.8
79 [0 1 5 2 8 4 7] [18.51406902592309, 16.683616130764076, 16.027506106362047, 9.578088273003445, 15.573386444627241, 16.179490060639964, 8.56394248547481, 15.142065222106671, 15.58319661194989, 8.515613562735512]
random_choice
evaluate reward 53.0
80 [0 8 2 3 7 1 9] [18.858928335663858, 17.046779969456434, 16.397231045298426, 10.01230739027341, 15.573386444627241, 16.179490060639964, 8.56394248547481, 15.520644569885604, 15.957364645830392, 8.960457427108157]
random_choice
evaluate reward 39.4
81 [0 7 4 6 5 8 2] [19.06433905230722, 17.046779969456434, 16.62725873484544, 10.01230739027341, 15.811652580180969, 16.411695160033563, 8.872303060620062, 15.75943812418675, 16.19179099937209, 8.960457427108157]
greedy credit choice
evaluate reward 52.4
82 [0 1 2 5 8 4 7] [19.397695661784148, 17.400312169761868, 16.984986147496986, 10.01230739027341, 16.17753605437916, 16.771578208433226, 8.872303060620062, 16.12584374294488, 16.553873089378367, 8.960457427108157]
greedy credit choice
evaluate reward 63.0
83 [0 1 2 5 8 4 7] [19.833718705166305, 17.85630904806425, 17.445136286022016, 10.01230739027341, 16.64576069383537, 17.233862426348892, 8.872303060620062, 16.59458530551543, 17.018334358484584, 8.960457427108157]
greedy credit choice
evaluate reward 51.2
84 [0 1 2 5 8 4 7] [20.147381518114642, 18.189745957583607, 17.782684923161796, 10.01230739027341, 16.991303086897016, 17.573523802085404, 8.872303060620062, 16.940639452460275, 17.36015101489974, 8.960457427108157]
greedy credit choice
evaluate reward 66.0
85 [0 1 2 5 8 4 7] [20.605907702933496, 18.66784849800777, 18.264858073930178, 10.01230739027341, 17.481390056028047, 18.05778856406455, 8.872303060620062, 17.43123305793567, 17.84654950475074, 8.960457427108157]
random_choice
evaluate reward 39.8
86 [0 5 8 6 2 1 7] [20.797848625904162, 18.879170013027693, 18.480209493190877, 10.01230739027341, 17.481390056028047, 18.275210678423903, 9.181580030013862, 17.654920727356313, 18.066084009703232, 8.960457427108157]
greedy credit choice
evaluate reward 50.6
87 [0 1 2 5 8 7 4] [21.095870139645122, 19.196378312897416, 18.801407398258966, 10.01230739027341, 17.812576155467767, 18.598458571639664, 9.181580030013862, 17.98437152008275, 18.3914231696062, 8.960457427108157]
greedy credit choice
evaluate reward 80.4
88 [0 1 2 5 8 7 4] [21.68891143824867, 19.80841452976844, 19.417393324276375, 10.01230739027341, 18.43845039391309, 19.21647398592327, 9.181580030013862, 18.608527804881923, 19.011508937910136, 8.960457427108157]
random_choice
evaluate reward 55.6
89 [0 1 9 3 5 6 8] [22.028022323866182, 20.166330384470758, 19.417393324276375, 10.468184316370676, 18.43845039391309, 19.580309246064036, 9.645764229713723, 18.608527804881923, 19.377393848531035, 9.426852852837076]
greedy credit choice
evaluate reward 44.0
90 [0 1 5 2 8 7 4] [22.24774210062752, 20.40466708062605, 19.66321939103361, 10.468184316370676, 18.69406588997396, 19.824506153603394, 9.645764229713723, 18.862442526833103, 19.623619910045726, 9.426852852837076]
greedy credit choice
evaluate reward 75.4
91 [0 1 5 2 8 7 4] [22.779264679621246, 20.954620409819793, 20.220587197123276, 10.468184316370676, 19.26112523107422, 20.38026109206736, 9.645764229713723, 19.42781810156477, 20.18138371094527, 9.426852852837076]
random_choice
evaluate reward 64.8
92 [0 7 2 4 6 1 3] [23.19947203282503, 21.393074205721593, 20.66638132515204, 11.011502473206969, 19.71651397876348, 20.38026109206736, 10.197306587416586, 19.881539920549123, 20.18138371094527, 9.426852852837076]
greedy credit choice
evaluate reward 40.8
93 [0 1 2 5 8 7 4] [23.37547731249678, 21.587143463664376, 20.867717511900523, 11.011502473206969, 19.927348838975846, 20.584458481146687, 10.197306587416586, 20.09072452134363, 20.387569873835815, 9.426852852837076]
random_choice
evaluate reward 30.6
94 [0 7 3 6 4 8 9] [23.447722539371814, 21.587143463664376, 20.867717511900523, 11.207387448474899, 20.034075350586086, 20.584458481146687, 10.40133352154242, 20.195817276130196, 20.48969417509746, 9.638584324308706]
random_choice
evaluate reward 44.8
95 [0 9 3 1 2 5 7] [23.661245313978096, 21.819272029027733, 21.107040336781516, 11.54331357399015, 20.034075350586086, 20.82661389633522, 10.40133352154242, 20.441859103368895, 20.48969417509746, 9.990198481065619]
random_choice
evaluate reward 54.0
96 [0 7 1 3 5 6 2] [23.964632860838314, 22.141079308737456, 21.435969933413702, 11.967880438250248, 20.034075350586086, 21.158347757371867, 10.837320186326995, 20.777440512335208, 20.48969417509746, 9.990198481065619]
random_choice
evaluate reward 43.2
97 [0 9 5 6 8 4 2] [24.156986532229933, 22.141079308737456, 21.653610234079565, 11.967880438250248, 20.265734597080225, 21.378764279798148, 11.160946984463726, 20.777440512335208, 20.716797233346483, 10.322296496254962]
random_choice
evaluate reward 39.0
98 [0 5 7 2 1 4 6] [24.305416666907632, 22.30966851565008, 21.82707413173877, 11.967880438250248, 20.453077251109423, 21.554976637000166, 11.439337514619089, 20.959666107211856, 20.716797233346483, 10.322296496254962]
greedy credit choice
evaluate reward 39.6
99 [0 1 2 5 7 8 4] [24.458362500238557, 22.48257183049358, 22.00480339042138, 11.967880438250248, 20.64454647859833, 21.735426870630164, 11.439337514619089, 21.146069446139737, 20.90562926101302, 10.322296496254962]
random_choice
evaluate reward 76.2
100 [0 5 6 2 3 1 9] [24.975778875236173, 23.019746112188646, 22.546755356517167, 12.610201633867746, 20.64454647859833, 22.280072601923862, 12.086944139472898, 21.146069446139737, 20.90562926101302, 10.981073531292413]
random_choice
evaluate reward 45.2
101 [0 3 1 6 5 9 8] [25.178021086483813, 23.241548651066758, 22.546755356517167, 12.936099617529068, 20.64454647859833, 22.509271875904624, 12.418074698078168, 21.146069446139737, 21.14857296840289, 11.323262795979488]
greedy credit choice
evaluate reward 75.2
102 [0 1 2 5 8 7 4] [25.678240875618975, 23.76113316455609, 23.073287802951995, 12.936099617529068, 21.190101013812345, 23.03617915714558, 12.418074698078168, 21.68660875167834, 21.68908723871886, 11.323262795979488]
greedy credit choice
evaluate reward 38.8
103 [0 1 2 5 8 7 4] [25.809458466862786, 23.911521832910527, 23.230554924922476, 12.936099617529068, 21.366200003674223, 23.193817365574123, 12.418074698078168, 21.857742664161556, 21.86019636633167, 11.323262795979488]
greedy credit choice
evaluate reward 60.6
104 [0 1 2 5 8 7 4] [26.157363882194158, 24.27840661458142, 23.604249375673252, 12.936099617529068, 21.75853800363748, 23.567879191918383, 12.418074698078168, 22.24516523751994, 22.247594402668355, 11.323262795979488]
random_choice
evaluate reward 64.2
105 [0 3 9 7 5 1 2] [26.537790243372218, 24.677622548435608, 24.01020688191652, 13.448738621353778, 21.75853800363748, 23.974200399999198, 12.418074698078168, 22.664713585144742, 22.247594402668355, 11.852030168019693]
random_choice
evaluate reward 84.6
106 [0 4 6 2 9 7 3] [27.118412340938495, 24.677622548435608, 24.616104813097355, 14.16025123514024, 22.386952623601104, 23.974200399999198, 13.139893951097386, 23.284066449293295, 22.247594402668355, 12.579509866339496]
random_choice
evaluate reward 85.8
107 [0 2 1 3 9 4 7] [27.70522821752911, 25.28884632295125, 25.22794376496638, 14.876648722788838, 23.021083097365093, 23.974200399999198, 13.139893951097386, 23.909225784800363, 22.247594402668355, 13.3117147676761]
random_choice
evaluate reward 83.2
108 [0 7 9 3 5 4 2] [28.26017593535382, 25.28884632295125, 25.807664327316715, 15.55988223556095, 23.622872266391443, 24.566458395999206, 13.139893951097386, 24.50213352695236, 22.247594402668355, 14.01059761999934]
greedy credit choice
evaluate reward 84.4
109 [0 2 1 5 7 4 8] [28.821574176000283, 25.87995785972174, 26.39358768404355, 15.55988223556095, 24.230643543727528, 25.164793812039214, 13.139893951097386, 25.101112191682837, 22.869118458641672, 14.01059761999934]
greedy credit choice
evaluate reward 105.0
110 [0 2 1 5 7 4 8] [29.58335843424028, 26.67115828112452, 27.179651807203115, 15.55988223556095, 25.038337108290253, 25.963145873918823, 13.139893951097386, 25.90010106976601, 23.690427274055256, 14.01059761999934]
random_choice
evaluate reward 128.2
111 [0 2 6 1 8 4 9] [30.569524849897878, 27.686446698313276, 28.189855289131085, 15.55988223556095, 26.06995373720735, 25.963145873918823, 14.290495011586412, 25.90010106976601, 24.735523001314704, 15.152491643799346]
greedy credit choice
evaluate reward 72.4
112 [0 2 1 4 5 7 8] [30.9878296013989, 28.13358223133014, 28.631956736239776, 15.55988223556095, 26.533254199835277, 26.427514415179633, 14.290495011586412, 26.36510005906835, 25.212167771301555, 15.152491643799346]
random_choice
evaluate reward 88.2
113 [0 4 2 3 1 6 7] [31.55995130538491, 28.73424640901684, 29.22763716887738, 16.28628341320534, 27.149921657836924, 26.427514415179633, 15.029590061470548, 26.983449058477667, 25.212167771301555, 15.152491643799346]
random_choice
evaluate reward 92.8
114 [0 6 4 3 2 7 8] [32.172351792331064, 28.73424640901684, 29.863360797188605, 17.051420579073287, 27.806422441258555, 26.427514415179633, 15.807294160855843, 27.64161456789289, 25.88804609358854, 15.152491643799346]
random_choice
evaluate reward 108.2
115 [0 1 7 3 9 6 8] [32.932628274407755, 29.52890394492667, 29.863360797188605, 17.962906373282554, 27.806422441258555, 26.427514415179633, 16.731221219247285, 28.447198422213962, 26.711165632652655, 16.082966727361352]
random_choice
evaluate reward 50.0
116 [0 1 7 2 3 5 9] [33.10330199166368, 29.733614905477406, 30.06472718921672, 18.283277309549728, 27.806422441258555, 26.663239271027837, 16.731221219247285, 28.66272643799182, 26.711165632652655, 16.42213706008774]
greedy credit choice
evaluate reward 146.8
117 [0 2 1 7 4 8 5] [34.24026897174704, 30.90427875642263, 31.23207991732455, 18.283277309549728, 28.99635821684597, 27.86460687831756, 16.731221219247285, 29.8440991736119, 27.912053976326128, 16.42213706008774]
random_choice
evaluate reward 80.6
118 [0 6 7 9 2 5 3] [34.70386628202957, 30.90427875642263, 31.725759118151306, 18.90644453645423, 28.99635821684597, 28.391960809534385, 17.36990900705481, 30.351658181875784, 27.912053976326128, 17.063915689486862]
greedy credit choice
evaluate reward 105.0
119 [0 2 1 7 4 5 8] [35.406827619209274, 31.645235968858405, 32.45850152696979, 18.90644453645423, 29.75639463467751, 29.15804120143904, 17.36990900705481, 31.098141600057026, 28.682933436562866, 17.063915689486862]
greedy credit choice
evaluate reward 99.8
120 [0 2 1 7 4 5 8] [36.050759343017184, 32.32678360916982, 33.13191651170009, 18.90644453645423, 30.456830688330733, 29.86446078942465, 17.36990900705481, 31.785160184056455, 29.394104102197236, 17.063915689486862]
greedy credit choice
evaluate reward 148.0
121 [0 2 1 7 4 5 8] [37.17025174958701, 33.483515773078125, 34.28059734658309, 18.90644453645423, 31.632262381447426, 31.045816181530405, 17.36990900705481, 32.94730858221589, 30.580163061175263, 17.063915689486862]
random_choice
evaluate reward 116.4
122 [0 1 6 8 5 3 9] [37.96254923209114, 34.31268061534735, 34.28059734658309, 19.88138009108969, 31.632262381447426, 31.899358019715102, 18.360209916984264, 32.94730858221589, 31.43836143056351, 18.05727653259199]
greedy credit choice
evaluate reward 137.6
123 [0 1 2 7 5 4 8] [38.95892373977023, 35.34555380919387, 35.31379137311726, 19.88138009108969, 32.69193975763295, 32.95636443951795, 18.360209916984264, 33.99383549639373, 32.499977816257875, 18.05727653259199]
greedy credit choice
evaluate reward 117.0
124 [0 1 2 7 5 4 8] [39.73933450237253, 36.16209827110193, 36.13065345938609, 19.88138009108969, 33.53502036005662, 33.79680079512277, 18.360209916984264, 34.82389714142979, 33.3449780380953, 18.05727653259199]
greedy credit choice
evaluate reward 95.2
125 [0 1 2 7 5 4 8] [40.293941157348804, 36.752477288390914, 36.72134692479223, 19.88138009108969, 34.151670156456056, 34.41083278717154, 18.360209916984264, 35.42765817001549, 33.963528257714344, 18.05727653259199]
greedy credit choice
evaluate reward 108.6
126 [0 1 2 7 5 4 8] [40.97700174577532, 37.470952515507, 37.440133455544306, 19.88138009108969, 34.8961534548915, 35.152724459299826, 18.360209916984264, 36.159381588315334, 34.7098929751372, 18.05727653259199]
greedy credit choice
evaluate reward 169.8
127 [0 1 2 7 5 4 8] [42.265231728317566, 38.79424299035193, 38.76373212098886, 19.88138009108969, 36.245191920342585, 36.499197214706825, 18.360209916984264, 37.49578777243218, 36.060794045385826, 18.05727653259199]
random_choice
evaluate reward 159.2
128 [0 6 3 8 2 7 9] [43.43457941103439, 38.79424299035193, 39.968094799778974, 21.274566290178793, 36.245191920342585, 36.499197214706825, 19.76860781781442, 38.71282989470786, 37.292186104931965, 19.46870376726607]
random_choice
evaluate reward 140.0
129 [0 4 8 1 7 9 2] [44.40023361692405, 39.80630056044841, 40.968413851781186, 21.274566290178793, 37.28274000113916, 36.499197214706825, 19.76860781781442, 39.72570159576078, 38.31926424388264, 20.67401672959341]
greedy credit choice
evaluate reward 134.8
130 [0 2 1 7 8 4 5] [45.304231280754806, 40.75623755484393, 41.906729713263374, 21.274566290178793, 38.25791260112777, 37.48220524255976, 19.76860781781442, 40.676444579803174, 39.28407160144381, 20.67401672959341]
random_choice
evaluate reward 116.4
131 [0 4 3 5 1 8 9] [46.01518896794726, 41.51267517929549, 41.906729713263374, 22.225820627277006, 39.03933347511649, 38.27138319013416, 19.76860781781442, 40.676444579803174, 40.055230885429374, 21.631276562297476]
greedy credit choice
evaluate reward 145.0
132 [0 2 1 7 8 4 5] [47.00503707826779, 42.547548427502534, 42.93766241613074, 22.225820627277006, 40.09894014036533, 39.33866935823282, 19.76860781781442, 41.719680134005145, 41.10467857657508, 21.631276562297476]
random_choice
evaluate reward 101.0
133 [0 1 6 4 9 3 8] [47.544986707485116, 43.132072943227506, 42.93766241613074, 23.013562421004234, 40.70795073896168, 39.33866935823282, 20.580921739636274, 41.719680134005145, 41.70363179080933, 22.4249637966745]
random_choice
evaluate reward 148.8
134 [0 5 3 1 6 4 9] [48.557536840410265, 44.18875221379523, 42.93766241613074, 24.27142679679419, 41.78887123157206, 40.43328266465049, 21.863112522239913, 41.719680134005145, 41.70363179080933, 23.688714158707757]
random_choice
evaluate reward 140.8
135 [0 1 7 9 8 4 5] [49.47996147200616, 45.15486469165728, 42.93766241613074, 24.27142679679419, 42.77898251925634, 41.43694983800398, 21.863112522239913, 42.71048333266509, 42.69459547290124, 24.85982701712068]
random_choice
evaluate reward 64.8
136 [0 6 9 7 8 1 5] [49.6331618572861, 45.351316044740706, 42.93766241613074, 24.27142679679419, 42.77898251925634, 41.670580339623946, 22.292481397017514, 42.93137849933844, 42.91564951817223, 25.25922874694947]
greedy credit choice
evaluate reward 185.8
137 [0 1 2 7 8 4 5] [50.994830238713234, 46.755802884293296, 44.36628579196943, 24.27142679679419, 44.20919269406377, 43.11187453622771, 22.292481397017514, 44.36006471434506, 44.344493022990505, 25.25922874694947]
greedy credit choice
evaluate reward 138.6
138 [0 1 2 7 8 4 5] [51.8708819363261, 47.67424485545036, 45.30862293404974, 24.27142679679419, 45.153100767123135, 44.066755790865436, 22.292481397017514, 45.302464067201605, 45.2870480927606, 25.25922874694947]
random_choice
evaluate reward 176.2
139 [0 1 9 6 4 3 2] [53.11417311696284, 48.95950240689586, 46.61753670470924, 25.790712528826248, 46.4635697594519, 44.066755790865436, 23.831556583047337, 45.302464067201605, 45.2870480927606, 26.76863645947998]
greedy credit choice
evaluate reward 166.0
140 [0 1 2 4 7 8 5] [54.24303138579321, 50.1299073828269, 47.81136133766215, 25.790712528826248, 47.65893406185738, 45.28608823295678, 23.831556583047337, 46.50943942652959, 46.494177611832995, 26.76863645947998]
random_choice
evaluate reward 160.6
141 [0 8 5 7 6 3 2] [55.306601071935276, 50.1299073828269, 48.93924772428553, 27.138805403537987, 47.65893406185738, 46.43922735062721, 25.199241017216863, 47.65034503226429, 47.63523583571467, 26.76863645947998]
greedy credit choice
evaluate reward 136.2
142 [0 1 2 4 7 8 5] [56.11553506121592, 50.99060830899863, 49.81185524704267, 27.138805403537987, 48.54434472123881, 47.33683507712094, 25.199241017216863, 48.535841581941646, 48.52088347735752, 26.76863645947998]
greedy credit choice
evaluate reward 161.8
143 [0 1 2 4 7 8 5] [57.172379710603764, 52.098702225908646, 50.931736694572244, 27.138805403537987, 49.67690127402642, 48.48146672634973, 25.199241017216863, 49.66848316612223, 49.653674642583944, 26.76863645947998]
greedy credit choice
evaluate reward 173.0
144 [0 1 2 4 7 8 5] [58.33065591349773, 53.30771520364956, 52.152419327626525, 27.138805403537987, 50.91013226128616, 49.726652059086234, 25.199241017216863, 50.901798334461006, 50.8871378961581, 26.76863645947998]
random_choice
evaluate reward 128.8
145 [0 3 5 6 1 9 2] [59.03534935436275, 54.062638051613064, 52.91889513435026, 28.155417349502606, 50.91013226128616, 50.517385538495375, 26.235248607044696, 50.901798334461006, 50.8871378961581, 27.78895009488518]
random_choice
evaluate reward 179.8
146 [0 3 2 4 9 5 7] [60.24299586081912, 54.062638051613064, 54.18770618300675, 29.67186317600758, 52.199030938673296, 51.810211683110424, 26.235248607044696, 52.190780351116395, 50.8871378961581, 29.30906059393633]
random_choice
evaluate reward 138.2
147 [0 9 3 8 2 4 6] [61.02256590221093, 54.062638051613064, 55.02782912117669, 30.757144544247502, 53.059040629286564, 51.810211683110424, 27.35489612097425, 52.190780351116395, 51.76026651719652, 30.397969987996966]
random_choice
evaluate reward 156.0
148 [0 3 2 9 4 6 7] [61.97234024318882, 54.062638051613064, 56.03755082996492, 32.00957309880503, 54.0884502229937, 51.810211683110424, 28.641347159764507, 53.22887254760523, 51.76026651719652, 31.653990288116997]
random_choice
evaluate reward 144.6
149 [0 9 4 3 5 7 2] [62.79861684075693, 54.062638051613064, 56.92317532166527, 33.135477367816975, 54.99356572076376, 52.73810956627932, 28.641347159764507, 54.142583822129176, 51.76026651719652, 32.783450385235824]
random_choice
evaluate reward 189.4
150 [0 4 9 3 2 5 6] [64.06463067234935, 54.062638051613064, 58.24794356844862, 34.69812259413881, 56.33763006355613, 54.10472847061653, 30.24893368816686, 54.142583822129176, 51.76026651719652, 34.349615881383464]
worker_credit [64.06463067234935, 54.062638051613064, 58.24794356844862, 34.69812259413881, 56.33763006355613, 54.10472847061653, 30.24893368816686, 54.142583822129176, 51.76026651719652, 34.349615881383464]
sort credit num [0 2 4 7 5 1 8 3 9 6]

Process finished with exit code 0
